4.136585443692467057e-02
2.413770893783773186e-02
1.314170670055621673e-02
9.716997982037969828e-03
7.855772044043472443e-03
6.845589322922090124e-03
6.449998473088790554e-03
6.131737329999178109e-03
4.606544263862819358e-03
4.523095675099988479e-03
4.169288509488981546e-03
3.856674963789477953e-03
3.564663729540679636e-03
3.315979279616702337e-03
3.053400074020392631e-03
2.883477620656850742e-03
2.777528378021884656e-03
2.609894100874941836e-03
2.411778675375352704e-03
2.347124414294603743e-03
2.323060018735093827e-03
2.224913514973753548e-03
2.126351360704781864e-03
2.067772886189509201e-03
1.985596201638575690e-03
1.912242413056860612e-03
1.856996510683917761e-03
1.851487315463357878e-03
1.802207559737893519e-03
1.752654765256726234e-03
1.732453108675556736e-03
1.680918522806610499e-03
1.665806078830251932e-03
1.636966521955989613e-03
1.602806725283637207e-03
1.577761629655885381e-03
1.553091277797537294e-03
1.512218707329169697e-03
1.480690147068173396e-03
1.433092065781231984e-03
1.415298334290773395e-03
1.382850898192062097e-03
1.369448801419108699e-03
1.349953560074756195e-03
1.311953246115704890e-03
1.300114948041751657e-03
1.285599349868724386e-03
1.271431860613763364e-03
1.258361557438633605e-03
1.236446510359359577e-03
1.218374094292275743e-03
1.198137734600169266e-03
1.191673886766755593e-03
1.162293382444074897e-03
1.151282796385477312e-03
1.146996810151717583e-03
1.144875184568114107e-03
1.134928362638615643e-03
1.115201339199686260e-03
1.103299203649830799e-03
1.097052490491594659e-03
1.083126179378700055e-03
1.077446130098152002e-03
1.056374331327555134e-03
1.050969264386494807e-03
1.038056208378403166e-03
1.032413024815988711e-03
1.016297316079354737e-03
1.008444741623039723e-03
9.934239482219781557e-04
9.802000524509431930e-04
9.796228790798998907e-04
9.707093500971181177e-04
9.571589709387795172e-04
9.395810571935547849e-04
9.338084671400552093e-04
9.322586799373262139e-04
9.235502822567275179e-04
9.206224768005924529e-04
9.080037204026694848e-04
8.944349409575563879e-04
8.924922231025364918e-04
8.856133530745967332e-04
8.816756869944649549e-04
8.720758359352477141e-04
8.684683362717055292e-04
8.638402236459030627e-04
8.576780610263466924e-04
8.530246667093931753e-04
8.455084766204724964e-04
8.396399762437501075e-04
8.362898077501508803e-04
8.300933603695519712e-04
8.183647632695850412e-04
8.119473072421928795e-04
8.062690503529818496e-04
8.008011717612577426e-04
7.968459055545563810e-04
7.924847052020472403e-04
7.851019774856514118e-04
7.806507782673068573e-04
7.790832066200931811e-04
7.757320923787434409e-04
7.649454669833256545e-04
7.626432383115715630e-04
7.610433328632790250e-04
7.566414405100978626e-04
7.488779163861685600e-04
7.447211852617621492e-04
7.421225860546643320e-04
7.382347717665482855e-04
7.316506223504804255e-04
7.289623837336826244e-04
7.235956918610136294e-04
7.159789399464190195e-04
7.120927690745158757e-04
7.105217932985971509e-04
7.049654825347069585e-04
6.998681690833336803e-04
6.954783119845061798e-04
6.940159574434835200e-04
6.895847783238794439e-04
6.850815989465851817e-04
6.767579081847054437e-04
6.729486388407263401e-04
6.716272385134042840e-04
6.680549101424372842e-04
6.643093566323810418e-04
6.619546494397327572e-04
6.572345663157440039e-04
6.532744702783314884e-04
6.490156497870677591e-04
6.462087606702045630e-04
6.409045118328187242e-04
6.366778071673320945e-04
6.348765233735724923e-04
6.320353896314785322e-04
6.275355060791660156e-04
6.195739161252431567e-04
6.182501668536326744e-04
6.147742761507471324e-04
6.141673326216221841e-04
6.121407924118989598e-04
6.083768760886562555e-04
6.077955705707707018e-04
6.038322895683545391e-04
6.001998530256765071e-04
5.967503438124386467e-04
5.951556908532405982e-04
5.911945675160902927e-04
5.884501240958019044e-04
5.858859947824792292e-04
5.823664137769026753e-04
5.791519694694038153e-04
5.771436319358892644e-04
5.737709834065564136e-04
5.732188795624611807e-04
5.711759104071166028e-04
5.675418416211725674e-04
5.614890590490179308e-04
5.609117694302148379e-04
5.584093752010686187e-04
5.560278668439236349e-04
5.529002706612795711e-04
5.516789016798409259e-04
5.468965063140301475e-04
5.460616985774680368e-04
5.450386716658831444e-04
5.410687654368686369e-04
5.387613059383102899e-04
5.380465984683447918e-04
5.351941511071523026e-04
5.337543887784849906e-04
5.295495185742653786e-04
5.281235950546951056e-04
5.254602396729641470e-04
5.239657097510114778e-04
5.210217445199243199e-04
5.191615140652891145e-04
5.175701972504607225e-04
5.148222946088293686e-04
5.119007231146394847e-04
5.113594065445438734e-04
5.093790673170211147e-04
5.080720040420869067e-04
5.045354403638300025e-04
5.017847049854799518e-04
5.012372050133196604e-04
4.982837697909344192e-04
4.969847293661870322e-04
4.967256497241145149e-04
4.963870825723168661e-04
4.924682979339706007e-04
4.887851000240362983e-04
4.882102808383599894e-04
4.852304078845793710e-04
4.842189835615614245e-04
4.821380826057510265e-04
4.805133305514910848e-04
4.789147261224592955e-04
4.764151209322135144e-04
4.755244451006460202e-04
4.748027899548341022e-04
4.731563732649051715e-04
4.714629846106772448e-04
4.686492625632682381e-04
4.658132127458849622e-04
4.643929071070192682e-04
4.628412151397050646e-04
4.609814950530097722e-04
4.604155519794546456e-04
4.586545134792664475e-04
4.576810387413835120e-04
4.568852730473278311e-04
4.520672091685315149e-04
4.501632643485433869e-04
4.493340476601494454e-04
4.478115232734114709e-04
4.463269523636680526e-04
4.448692576870617106e-04
4.430911401236250005e-04
4.415485314711829756e-04
4.386326808629315704e-04
4.384434954814003783e-04
4.363300418989168633e-04
4.359914727331441818e-04
4.343022586515281097e-04
4.312577078487709117e-04
4.302173631547160878e-04
4.289914202990619246e-04
4.274680446857897576e-04
4.242863118161355846e-04
4.235072940597032327e-04
4.214745379451577357e-04
4.204731974705216350e-04
4.202179911134189478e-04
4.185280074285316820e-04
4.176759717981524760e-04
4.168739761517390894e-04
4.150453868239321062e-04
4.144854728583225660e-04
4.123199872516669943e-04
4.111121266492011534e-04
4.091748756810564174e-04
4.074195654674314616e-04
4.067131337408494570e-04
4.057384889251020618e-04
4.037932485189919536e-04
4.026133430241057181e-04
4.007804299583531495e-04
3.991204518021519384e-04
3.981899233193335525e-04
3.972656988144658737e-04
3.957991304550500925e-04
3.938555322380948810e-04
3.923426025306254962e-04
3.920014714607948322e-04
3.911502579250051323e-04
3.899930129380023316e-04
3.891288469138162362e-04
3.878045218521940013e-04
3.872536744965063911e-04
3.863992044822155006e-04
3.840879358964393100e-04
3.831804909429697092e-04
3.816348041856794187e-04
3.809508916796826902e-04
3.784562664986290421e-04
3.772328067081064801e-04
3.758181808855818890e-04
3.746649078323669823e-04
3.743918609166020195e-04
3.736499190003338806e-04
3.724237804314226474e-04
3.714180023722556448e-04
3.693521971574299594e-04
3.688036442835525741e-04
3.675137637377110162e-04
3.667144510652602563e-04
3.660251922995028931e-04
3.643357572978034873e-04
3.642480152362182790e-04
3.637142126025106367e-04
3.613444587432899794e-04
3.600384234775559980e-04
3.589340603163347610e-04
3.584173382138478589e-04
3.577609338230117999e-04
3.573451156705674319e-04
3.565840861635612711e-04
3.551998027887389667e-04
3.547157776199758115e-04
3.535735050768761944e-04
3.528046097069833251e-04
3.520629743503622113e-04
3.517154654375753112e-04
3.507917568717515617e-04
3.497908238415968810e-04
3.486667726460591379e-04
3.471904379862756533e-04
3.464679947220349271e-04
3.455686199324146837e-04
3.444482508145649919e-04
3.435914074307641185e-04
3.426746828642658442e-04
3.414364024830924020e-04
3.408084971774361636e-04
3.398773750275619959e-04
3.394816240920338411e-04
3.385296147193437438e-04
3.369202770664439994e-04
3.364724930823581876e-04
3.356909829197732764e-04
3.346620559650474312e-04
3.338128268721788630e-04
3.334314931597569817e-04
3.331214468576061726e-04
3.309205836598816657e-04
3.305530760191038040e-04
3.300152245076087561e-04
3.294380223824792649e-04
3.283884504777036294e-04
3.280192039641190095e-04
3.269997502430932543e-04
3.264815360326758678e-04
3.258926887196794209e-04
3.252272324458169704e-04
3.247312896266519038e-04
3.236585108266699690e-04
3.224801737181893992e-04
3.217257867880309128e-04
3.211606350812648341e-04
3.197682462649891464e-04
3.193512665051466718e-04
3.189048624935578646e-04
3.179344368208247059e-04
3.168041991514919668e-04
3.165238783782997069e-04
3.159346451911899988e-04
3.155104240726011654e-04
3.143859534298528964e-04
3.135051549604532702e-04
3.126752355678722264e-04
3.115625495183806516e-04
3.115357015903376294e-04
3.107617812887414951e-04
3.103723324000702533e-04
3.092405555284853148e-04
3.089515984274086098e-04
3.078604773930403247e-04
3.064129303997026408e-04
3.059761975108124055e-04
3.057334303094842070e-04
3.053122067463577929e-04
3.046339891037682453e-04
3.034685310035877145e-04
3.030047549320736698e-04
3.026480417156061551e-04
3.014254712234310657e-04
3.008880265705550787e-04
3.001863876558199628e-04
2.997307036513337654e-04
2.994554711138272692e-04
2.989886069664602513e-04
2.978838919758284112e-04
2.976503668334855150e-04
2.967789979392745480e-04
2.954798528700132410e-04
2.953498685713395067e-04
2.943758152364479960e-04
2.942901613392497431e-04
2.934509039866078505e-04
2.931881439744892306e-04
2.928134468500733856e-04
2.916857025392739040e-04
2.910316166120064350e-04
2.909425122623952972e-04
2.903095717054881685e-04
2.898467721314126433e-04
2.890979106713635551e-04
2.882509702426003869e-04
2.877619576619606760e-04
2.875288878327444996e-04
2.871621139448774450e-04
2.863023736948475248e-04
2.855211126648114057e-04
2.852066539435120051e-04
2.845553486830601562e-04
2.838384625780628924e-04
2.835243813400423391e-04
2.823499234691720524e-04
2.821761758500461979e-04
2.820003091751774544e-04
2.812095889460685468e-04
2.806560775392657569e-04
2.799169338595290484e-04
2.791821211442053964e-04
2.788177933605451167e-04
2.784969458206688940e-04
2.778206551015577103e-04
2.774555656539280137e-04
2.769611098020994264e-04
2.765891933222940904e-04
2.761003425226441887e-04
2.754720592327893763e-04
2.751038699310143893e-04
2.747926574226100516e-04
2.743261915829112402e-04
2.738780183439237337e-04
2.732583827118397228e-04
2.729645848785892969e-04
2.721837075542059866e-04
2.712709540572460706e-04
2.705042926770852285e-04
2.702164003556045062e-04
2.699752874039196629e-04
2.695316996423019842e-04
2.694666391507863855e-04
2.689832858821251927e-04
2.685655129009602705e-04
2.680687619962321671e-04
2.675469987081385034e-04
2.671402555499040668e-04
2.664851603637295187e-04
2.663417727611648621e-04
2.659202220779895176e-04
2.653983723393879145e-04
2.648216964361101611e-04
2.645968606444985653e-04
2.639896303271545763e-04
2.635921781883249822e-04
2.632319077827186796e-04
2.625818471094310620e-04
2.624395659774598848e-04
2.616562466651428231e-04
2.614950403953909602e-04
2.607798666221980942e-04
2.605431038452384680e-04
2.603785696139775336e-04
2.596842705400350250e-04
2.593293203689058662e-04
2.587941124286891503e-04
2.587168421441661233e-04
2.582874112945264880e-04
2.581581790982550835e-04
2.578417343061048810e-04
2.570957372183358476e-04
2.569125007784942298e-04
2.564379567998504878e-04
2.561132136404187568e-04
2.556229583969057821e-04
2.554717058833496095e-04
2.545340218454870615e-04
2.541747108322825444e-04
2.537454934425811110e-04
2.531669549567743915e-04
2.527862261845032713e-04
2.524150376336391265e-04
2.522517441824756739e-04
2.517920060560646981e-04
2.515985754492561298e-04
2.511218335404465010e-04
2.506264610084938532e-04
2.504909380278836891e-04
2.500943382535025946e-04
2.499976900501361303e-04
2.496745342505122872e-04
2.491729650130059524e-04
2.483694485477061053e-04
2.483065121812534680e-04
2.479459161200601417e-04
2.476687181428401043e-04
2.474288699443686072e-04
2.468655758005519076e-04
2.467259092490097362e-04
2.459096768779089133e-04
2.456575742137939548e-04
2.454161351367349013e-04
2.451738717041067436e-04
2.448845867991116432e-04
2.445714731757370501e-04
2.444030953208147427e-04
2.439117836794060400e-04
2.435660892807728437e-04
2.432773800645105389e-04
2.430145508870336097e-04
2.421960234464221008e-04
2.418593286203812355e-04
2.414614031505507282e-04
2.411737243342993169e-04
2.409515257546820770e-04
2.407458080548126507e-04
2.405030388224372196e-04
2.401881747127460184e-04
2.393857255564394457e-04
2.388240974532098923e-04
2.385814797281236789e-04
2.383496302221037018e-04
2.382560054517040605e-04
2.381404700512342845e-04
