1.074025039530444314e-01
7.170025642274287236e-02
4.709470407610894666e-02
3.017780505634002838e-02
2.472484006388674105e-02
2.080855210511455347e-02
1.565205486228917267e-02
1.415701774786927783e-02
1.259239841155719575e-02
1.134985517591592143e-02
9.964998830906778363e-03
9.554947196100501555e-03
8.260930593628174057e-03
7.573616703761801468e-03
7.026113877479139326e-03
6.762570896991035134e-03
6.234567645512246840e-03
5.954469769592115290e-03
5.586105286037017920e-03
5.197459283427957079e-03
5.077174552105590682e-03
4.846290533024679575e-03
4.654173219898548319e-03
4.525302794762414878e-03
4.420528415906768184e-03
4.296470124842475050e-03
4.258563877868093255e-03
4.032234304087465269e-03
3.920781998534559644e-03
3.877619503084777080e-03
3.810586259713891807e-03
3.764278878030989303e-03
3.625465900886617066e-03
3.577227269362992512e-03
3.499554428988576205e-03
3.388429874713139688e-03
3.304667524178405823e-03
3.268441745617657861e-03
3.236421508494515768e-03
3.150605415149120275e-03
3.067516391594336984e-03
3.025397761594267668e-03
2.980216446864277727e-03
2.946951432632527196e-03
2.897747506827101117e-03
2.882612476598187673e-03
2.851070990587885844e-03
2.787809220728260356e-03
2.746378801944320686e-03
2.711511212312881034e-03
2.679306456443309153e-03
2.645015524100476686e-03
2.621820045403700297e-03
2.544792541370293360e-03
2.517324063923566130e-03
2.506979093262082844e-03
2.470782466212772741e-03
2.449184537570008122e-03
2.423767285097373943e-03
2.395004743485917853e-03
2.333907348248804442e-03
2.312185438333532687e-03
2.263374952646233888e-03
2.255265410273342430e-03
2.221847615487348472e-03
2.209220073583010799e-03
2.165568652687943282e-03
2.139770209976948629e-03
2.102034623358533649e-03
2.081868928874363017e-03
2.061425268384972209e-03
2.048142468533880722e-03
2.017278904775520951e-03
2.002924861775493524e-03
2.001464045580817006e-03
1.950214745357370470e-03
1.933308846469856132e-03
1.919667944197393349e-03
1.908128058145775342e-03
1.897114963608218918e-03
1.878244449717714724e-03
1.871178004786688441e-03
1.862345827652730264e-03
1.840199929764728144e-03
1.816594542281269086e-03
1.792393796931932969e-03
1.788485179709616794e-03
1.758840399540103055e-03
1.748709173787344091e-03
1.740217914133848978e-03
1.718717500914961451e-03
1.712300137670885476e-03
1.688097426239851305e-03
1.678972898479932528e-03
1.659516408949136476e-03
1.649260126398173661e-03
1.642813482306931068e-03
1.623571957725684217e-03
1.614977275278970488e-03
1.593399646616037524e-03
