4.102230731345873210e-02
1.990786065844831962e-02
1.358063613514605243e-02
1.016308706245868179e-02
6.069793303395001373e-03
5.303169458711545249e-03
4.937555381194841907e-03
3.675453154799180385e-03
3.460958257377627981e-03
3.311517100566505577e-03
2.951863428609316324e-03
2.566054128524140020e-03
2.433233518964534031e-03
2.266798572372730365e-03
2.042910682813431009e-03
2.035646037553822361e-03
1.902220173465003468e-03
1.864182930090425069e-03
1.727037588391654686e-03
1.657110860905201995e-03
1.581511939803380154e-03
1.466175122359978603e-03
1.434951612822484880e-03
1.410150035220623932e-03
1.367525872779727040e-03
1.338176251429589987e-03
1.325955870485466884e-03
1.240795716161661707e-03
1.234004555664857360e-03
1.210664776202446035e-03
1.190065969575532841e-03
1.174489203599748304e-03
1.129427634365786368e-03
1.112696922838065337e-03
1.072820034171605586e-03
1.061127038515042968e-03
1.039615429357832951e-03
1.018071123498942143e-03
1.002475902216814129e-03
9.824385392378166999e-04
9.673088546473749541e-04
9.622543290722854322e-04
9.404825073391881018e-04
9.239719467065587348e-04
9.131441483955863572e-04
8.982246097997651380e-04
8.763311659728549759e-04
8.684985978019392353e-04
8.503549444871431147e-04
8.307457453794837507e-04
8.237016464965141258e-04
8.090388415290144294e-04
7.999575121417134898e-04
7.988560349495356936e-04
7.939964735123710695e-04
7.825788444439969608e-04
7.737737790533173602e-04
7.588751802321049575e-04
7.493009806955984583e-04
7.434041910645863794e-04
7.312362620862218826e-04
7.146572610067929458e-04
7.083120465670985971e-04
6.971313015829975384e-04
6.896286448557429867e-04
6.878541481928145780e-04
6.838748578564112380e-04
6.748681224145429295e-04
6.708190418614410873e-04
6.507127129918090528e-04
6.445568135549620183e-04
6.399918657446715007e-04
6.340846284777507808e-04
6.282286608416265275e-04
6.207507139590823838e-04
6.152524581676941566e-04
6.115078385744306642e-04
6.000717592126097533e-04
5.979935757866199943e-04
5.926971767642586061e-04
5.885845539446677658e-04
5.859875204778794899e-04
5.763764494263298906e-04
5.726371895782675532e-04
5.670044567240041782e-04
5.641531332763223420e-04
5.615827374905659353e-04
5.608564343228454683e-04
5.557703292433277239e-04
5.522852704288804763e-04
5.430319428340727762e-04
5.366701888148313337e-04
5.342239724540158701e-04
5.305439923425623629e-04
5.195907616636579298e-04
5.158639842572972783e-04
5.110914280703368574e-04
5.107860587839073733e-04
5.030200404622421368e-04
5.000421586163618197e-04
