1.174200450569710119e-01
5.474399841248074605e-02
4.404211374413515012e-02
2.331969741066216781e-02
1.941675497150268173e-02
1.580074554118243713e-02
1.173936174747865387e-02
1.074460336544952668e-02
9.575249284358983495e-03
8.190737490230155099e-03
7.640212760729908278e-03
7.338557407738615333e-03
6.266019338942895728e-03
5.588286878197037261e-03
5.484486954718242185e-03
5.197606221046970239e-03
4.767048524930957501e-03
4.485639853513881566e-03
4.325644119011232309e-03
4.066299070039926765e-03
4.022664076891314076e-03
3.836537995301624211e-03
3.679278268331339155e-03
3.614482446442949040e-03
3.469701401740720500e-03
3.266736100016996540e-03
3.248475132964335956e-03
3.160775026450116185e-03
3.131818419323472401e-03
3.057655826273544212e-03
2.973522945597846696e-03
2.943269456696209155e-03
2.856589355700875528e-03
2.818693618519618922e-03
2.729653658538795397e-03
2.701189251812022730e-03
2.645128281422775337e-03
2.619587132172055029e-03
2.606682021813926456e-03
2.531447025466140085e-03
2.517533395246382682e-03
2.479483272937590271e-03
2.419914885397511824e-03
2.365558028293240390e-03
2.356250490676001404e-03
2.331700694046933559e-03
2.267783563042821780e-03
2.256569699143974421e-03
2.186139754616562951e-03
2.161067959612066915e-03
2.139600459436649064e-03
2.111314226636659512e-03
2.091070500690541106e-03
2.054235369102670912e-03
2.012206172754821623e-03
2.002305014196801951e-03
1.965668104371812250e-03
1.964328265230423122e-03
1.923268964092522074e-03
1.903818242763755109e-03
1.888148060944645030e-03
1.880166991819051323e-03
1.827655875557683508e-03
1.814429077216114360e-03
1.792047006472594984e-03
1.771274980255961671e-03
1.763683070870977320e-03
1.743309941976871249e-03
1.714604715978346921e-03
1.694795138690307745e-03
1.681931864253536149e-03
1.673158844772531986e-03
1.665899899451168476e-03
1.655635758727449277e-03
1.633856026977243076e-03
1.614497378784776225e-03
1.585400196602825863e-03
1.575763501306359478e-03
1.566672221032626303e-03
1.550984395529967546e-03
1.537057952323870463e-03
1.524238096977216430e-03
1.499823352950499077e-03
1.495122645259617210e-03
1.474672574151815723e-03
1.460392454663669371e-03
1.449123174304652170e-03
1.434340825956046056e-03
1.420248136206433325e-03
1.414484358313325548e-03
1.395652661683553048e-03
1.392888716179029821e-03
1.387135833180023299e-03
1.373188133671298869e-03
1.355844904444896510e-03
1.346867677967380876e-03
1.344915411995421632e-03
1.329466332848822790e-03
1.312542117408662962e-03
1.296299340240499292e-03
