9.439780401320903291e-02
5.368750529389636900e-02
4.531287975494470432e-02
2.659852663148944835e-02
1.814618075964375549e-02
1.419006863333177257e-02
1.299352022068981857e-02
9.723493761590091058e-03
8.933506436822153882e-03
8.138585309203943963e-03
7.085332686863399232e-03
6.508295918996770922e-03
5.816854883823975586e-03
5.280243022757294749e-03
4.890946666530277334e-03
4.761594007830058720e-03
4.535061206670826239e-03
4.129526704043569654e-03
3.622293822956138085e-03
3.605139265455940042e-03
3.529764944438587137e-03
3.407741741883027389e-03
3.277714969463745975e-03
3.159363009113801395e-03
3.084765223448411847e-03
3.028991186900864552e-03
2.971899001946008961e-03
2.818884089172040645e-03
2.760714301858912048e-03
2.714878268532892099e-03
2.671274811540615916e-03
2.626619263514698519e-03
2.578572947451458763e-03
2.523760630165940589e-03
2.464872775441899391e-03
2.411417601014611677e-03
2.382803585960778774e-03
2.356707034444131127e-03
2.324053043488945487e-03
2.282051605562785898e-03
2.242006709615480906e-03
2.236537795897577258e-03
2.198607921236482490e-03
2.139715959444884151e-03
2.116757942780165495e-03
2.081253946522321815e-03
2.067302360656490378e-03
2.045039670215182195e-03
2.014355106213197317e-03
1.980563493946116502e-03
1.958107863894938388e-03
1.947622450989597428e-03
1.929341885102036150e-03
1.908613089668133572e-03
1.891239671984859321e-03
1.879331051980696367e-03
1.853654201183476064e-03
1.844536017257897721e-03
1.825391473920019757e-03
1.813724307031432679e-03
1.774242179745941965e-03
1.764544042409531234e-03
1.753059039946592429e-03
1.723118104957852134e-03
1.711449360064035531e-03
1.705915523033889542e-03
1.698300813126157795e-03
1.685307720890042360e-03
1.668363303335063195e-03
1.662461046276904027e-03
1.649075141852281937e-03
1.624628310987974661e-03
1.618880160180786228e-03
1.601442051083385148e-03
1.587966336182012900e-03
1.581803749608722215e-03
1.571990000531291697e-03
1.568381055792229545e-03
1.538499701881756955e-03
1.525731679821940934e-03
1.520171243026102780e-03
1.501601063806885751e-03
1.492886913911134613e-03
1.485772969538881692e-03
1.463680675159616121e-03
1.449583424073586525e-03
1.445977814128552100e-03
1.444888772895523915e-03
1.430293191972459863e-03
1.415817329989797627e-03
1.412506555145088107e-03
1.402001895243766214e-03
1.393435829124591626e-03
1.379520466434068634e-03
1.373283339083626944e-03
1.354544901305283289e-03
1.348651886053980811e-03
1.340557222020003977e-03
1.337468683260719998e-03
1.324304645190521341e-03
