1.047162173366490284e-01
5.324881557138632510e-02
4.309296438850863248e-02
2.333398925811571573e-02
1.736427860589924085e-02
1.540973581552706681e-02
1.191873282783769555e-02
9.014015936946895291e-03
8.319486123640461653e-03
7.594313412299406527e-03
6.790693398484873126e-03
6.293563602700729016e-03
5.219791939429128773e-03
4.800901261171114029e-03
4.456559715205267967e-03
4.022931291938842448e-03
3.788498028684047277e-03
3.588537304504734512e-03
3.122337988016100560e-03
2.959903234025747405e-03
2.788712801399047432e-03
2.687906857618370740e-03
2.541020735760889451e-03
2.395541592378559563e-03
2.370378200753458370e-03
2.331324513750250311e-03
2.308074669806981817e-03
2.253718655357992741e-03
2.135020275211467825e-03
2.080082101234570664e-03
1.994991698075301335e-03
1.892151216950888146e-03
1.874551057766249591e-03
1.839388947737950579e-03
1.798541217745137097e-03
1.775086531860225938e-03
1.752682850443007447e-03
1.707747777086937894e-03
1.673940161108312301e-03
1.617743730193697870e-03
1.585877581530075473e-03
1.562088168169562365e-03
1.551842798347889641e-03
1.532873024533697908e-03
1.523238997539628917e-03
1.481210524729085652e-03
1.464300192296358718e-03
1.450809130869653175e-03
1.447689184227085894e-03
1.431197011028177441e-03
1.400091407548053257e-03
1.389450402680222039e-03
1.378727313915075305e-03
1.372556988708968683e-03
1.336450467760139527e-03
1.332339145360278160e-03
1.309195637473402601e-03
1.305301923378140690e-03
1.294965605984345737e-03
1.265415227499186576e-03
1.262231940797331475e-03
1.252153758992615275e-03
1.231094153971363939e-03
1.225653003121484567e-03
1.215901587232169710e-03
1.199118543926257219e-03
1.192390021514517151e-03
1.180104975295595332e-03
1.172849020854605483e-03
1.152333542554169520e-03
1.147768278354989197e-03
1.134579111472580224e-03
1.127525325525741227e-03
1.123142381157565079e-03
1.114879888142933807e-03
1.111056402654167410e-03
1.104132072883838578e-03
1.092224661135343449e-03
1.088606348279567938e-03
1.084366084383012966e-03
1.074080708299343266e-03
1.061175729145265355e-03
1.057603060019664861e-03
1.044995389739693161e-03
1.040410733963502248e-03
1.038473604139980491e-03
1.031885858993887486e-03
1.012393727599490310e-03
1.005709702785052839e-03
1.001656432705261019e-03
9.954642477920489733e-04
9.899366238092571421e-04
9.806937240752549786e-04
9.729210559338132090e-04
9.708556943982147788e-04
9.671602209068563957e-04
9.598718448236533618e-04
9.550550344878384846e-04
9.459532123414673543e-04
9.359001586607105811e-04
