9.380530089201226385e-02
6.933064120001747321e-02
5.207311762628074464e-02
3.160873794116113994e-02
2.468472107805020493e-02
2.307391159371103770e-02
1.908926950559099861e-02
1.364309824984726895e-02
1.303136981668577554e-02
1.230972531791191434e-02
1.045238004545213407e-02
9.586701871923966611e-03
8.614178256725977395e-03
7.829264984011286357e-03
7.397643708809804874e-03
6.932561843942199389e-03
6.638427586819125974e-03
6.266785402034809500e-03
5.660873819044016063e-03
5.503976899477496659e-03
5.352806830862336281e-03
5.041551708449827467e-03
4.799712451300328954e-03
4.740049308220932803e-03
4.628635094891944864e-03
4.569281135987352145e-03
4.308611650149806772e-03
4.219619202474345424e-03
4.213937207345840215e-03
4.078781475164150287e-03
3.878811333164946390e-03
3.768567624447652885e-03
3.636914331160809484e-03
3.530069070726101019e-03
3.391214652217994924e-03
3.361472590968414727e-03
3.297959041489871481e-03
3.219166869624392330e-03
3.193745156332556279e-03
3.098584302880520291e-03
3.036793274977034503e-03
3.010333241811315782e-03
2.898979185669786282e-03
2.884206645033060221e-03
2.838020222713152300e-03
2.815598917708663287e-03
2.795833679968579011e-03
2.732213665343700970e-03
2.676325017556202817e-03
2.631380353487252494e-03
2.624302847358564190e-03
2.585872974857950785e-03
2.544840176978307045e-03
2.534153335013902830e-03
2.488041522101401906e-03
2.456603707758280714e-03
2.410925194766468539e-03
2.379287433886097952e-03
2.358881437157568997e-03
2.342898516056837830e-03
2.290958294868368061e-03
2.274064364242128333e-03
2.237614371338310544e-03
2.216788047403474727e-03
2.203420115840172295e-03
2.177482343046779466e-03
2.156895182321675805e-03
2.127069385330037071e-03
2.100231027030087950e-03
2.083537873910252212e-03
2.051601873988187497e-03
2.032937865971323147e-03
2.022599910870123176e-03
1.999901380104446725e-03
1.976385392046520022e-03
1.949183978195525831e-03
1.933783196399870875e-03
1.928262935005642170e-03
1.922027492091613098e-03
1.900342099609104345e-03
1.867220740688593740e-03
1.844960883826766854e-03
1.840608626671891117e-03
1.832346900250393434e-03
1.811139751665958664e-03
1.800495307866706784e-03
1.795795726613157650e-03
1.766620163365261635e-03
1.763033419189374623e-03
1.747483355923341777e-03
1.729886144186065788e-03
1.722967368120392187e-03
1.706399225896495673e-03
1.689991674458707046e-03
1.672976098047006558e-03
1.665662215614432170e-03
1.655042435001429207e-03
1.640318571933317964e-03
1.625262953002722891e-03
1.618073769967245381e-03
