9.101353681886809044e-02
3.234831704923540885e-02
2.031440501115969882e-02
1.236868105211515016e-02
9.405705317156372661e-03
7.925438751477199839e-03
6.867384540963757979e-03
5.564143668309870679e-03
5.254958234408365660e-03
4.715978435713094087e-03
4.166722252462946689e-03
3.654973123213244024e-03
3.127451328119609884e-03
3.072030554865626435e-03
2.852291083955505596e-03
2.745939601364714728e-03
2.647802915240100169e-03
2.488663439031145105e-03
2.376347899507625511e-03
2.179202390384678018e-03
2.131461429521995087e-03
2.066459421369939032e-03
2.040980978514247892e-03
1.969458509337088884e-03
1.947018397293239986e-03
1.877908592405409631e-03
1.781293105157878915e-03
1.768115430134264802e-03
1.748929435753978235e-03
1.683159788845241993e-03
1.653434849900401425e-03
1.635709132699092764e-03
1.600404481299459421e-03
1.575012478151313882e-03
1.551402902271147022e-03
1.527316883617299689e-03
1.507260908697004645e-03
1.498701379549642219e-03
1.455393010672309312e-03
1.447538674177214655e-03
1.424770354232429530e-03
1.415690587789133169e-03
1.390369389274665910e-03
1.365151973751436466e-03
1.350312076259216169e-03
1.323609348117491544e-03
1.313157506939367780e-03
1.294777524807098597e-03
1.287562932295202535e-03
1.262778068788008483e-03
1.251622749959418546e-03
1.246373520394184397e-03
1.224022659864400491e-03
1.206268680544810533e-03
1.193803055371689664e-03
1.184177589211915602e-03
1.164834724174982359e-03
1.156541558002943627e-03
1.143904467838438620e-03
1.137212284437322512e-03
1.115805761479923483e-03
1.110572344064722885e-03
1.098168677851367979e-03
1.089498184166025905e-03
1.085370305274636731e-03
1.071664539250026527e-03
1.047015793003992648e-03
1.040390283401560010e-03
1.030368640823543140e-03
1.026903317967587824e-03
1.023353350937101060e-03
1.003631879167565409e-03
9.955596416752418316e-04
9.902106472623453323e-04
9.787599611335256848e-04
9.731617782208463281e-04
9.711199006041807465e-04
9.544506122430349406e-04
9.479755287837876880e-04
9.273014164522689956e-04
9.202462306090192917e-04
9.154528525678581928e-04
9.088863586485274601e-04
9.027108510630446180e-04
8.950351262608385611e-04
8.904836643944487101e-04
8.846204614630819637e-04
8.819482677506682283e-04
8.744784388188867573e-04
8.626007927471571321e-04
8.574268408555655143e-04
8.484348797072328559e-04
8.412496253108856133e-04
8.316105320302555597e-04
8.291398296653042363e-04
8.253228311210572543e-04
8.206334364697327266e-04
8.173788121143858373e-04
8.033557358354986074e-04
7.983955963341180743e-04
