4.497296652640615788e-02
1.757356534828300246e-02
1.248632844695570648e-02
8.350796147276802472e-03
5.578430577912950675e-03
4.991145563070210033e-03
4.595039232060517051e-03
3.381845595413593940e-03
2.789742656573275352e-03
2.689286808507711235e-03
2.469979699711208430e-03
2.053879754879901418e-03
1.806798924198919519e-03
1.785248979107660530e-03
1.604145011630783756e-03
1.465396299403901731e-03
1.403856107274937181e-03
1.315757529768871214e-03
1.262110921663462662e-03
1.133528601070717253e-03
1.043316417436724155e-03
9.769026388863834461e-04
9.679431518528846222e-04
9.074502337650717197e-04
8.817789993518894897e-04
8.649289239629270529e-04
8.543193272685110961e-04
8.016219481092549254e-04
7.966692814817858629e-04
7.634502731964072728e-04
7.380218541988530900e-04
7.231271091993910155e-04
7.101001895446082748e-04
6.903147259868794771e-04
6.842944043079938815e-04
6.716768105528422503e-04
6.673799822889637731e-04
6.369523113530605038e-04
6.280959796773368225e-04
6.144350341121190351e-04
6.056585654280746082e-04
6.019719380191494154e-04
5.924317721287482340e-04
5.650774510391593473e-04
5.545146337653298046e-04
5.437071987951349120e-04
5.376543087940860444e-04
5.315309379348645428e-04
5.273291219918812157e-04
5.164844913604839816e-04
5.132201674093646868e-04
5.025929866109423057e-04
4.959297094489917290e-04
4.928967696119022478e-04
4.861510763567571678e-04
4.814495917151787583e-04
4.749256006323334853e-04
4.708405410705543393e-04
4.594127627343046151e-04
4.548586528303974214e-04
4.536913449018007403e-04
4.459496551069929674e-04
4.442617672672164440e-04
4.380667483274636653e-04
4.345689835233765416e-04
4.294036564279801911e-04
4.225392672667252860e-04
4.188773604011909952e-04
4.161610113027506348e-04
4.130832083553273104e-04
4.082366814560759480e-04
4.051448045632020001e-04
4.014592246932425883e-04
3.987010327301929082e-04
3.945410010996666249e-04
3.912135206672054865e-04
3.902296806817276919e-04
3.880165289333005669e-04
3.837320949795473032e-04
3.783181161273847185e-04
3.771394648342486430e-04
3.726805903065633584e-04
3.711708424861910388e-04
3.689876400884356338e-04
3.656782360180913872e-04
3.637069092345610044e-04
3.582390018585224472e-04
3.524228328024595568e-04
3.501142823117878275e-04
3.479264941916029798e-04
3.422811667235856189e-04
3.415241218318095656e-04
3.392139438217142981e-04
3.375935673374981798e-04
3.365279982531939589e-04
3.303434905595339444e-04
3.289143182316948771e-04
3.265542514738332437e-04
3.238678314964547325e-04
3.222074344612374129e-04
