4.561811618436446142e-02
2.279035454437229602e-02
1.404391369511938555e-02
1.021490025380919660e-02
8.334261557259700984e-03
6.532084413050731272e-03
5.848913168650245534e-03
5.813265708733377293e-03
4.775797212937069047e-03
4.147232142261973731e-03
4.133332504370063054e-03
3.792154783363959041e-03
3.554594593208278835e-03
3.434218680221474366e-03
3.292999384557591079e-03
3.107421526015653745e-03
2.763089026283446163e-03
2.676305969892867759e-03
2.537727669886343483e-03
2.425387871198724475e-03
2.405378171639339577e-03
2.332980568352004905e-03
2.247528906323720439e-03
2.145226003741768257e-03
2.076881473411201773e-03
2.044627941198644879e-03
1.959353855540586775e-03
1.896796742270431824e-03
1.852017112161194251e-03
1.807950661390711304e-03
1.765844012356085910e-03
1.720225929921880307e-03
1.714336882936729920e-03
1.660429058016694905e-03
1.640149165729174342e-03
1.582127816220743784e-03
1.572434788397843045e-03
1.538429572647085145e-03
1.496603603589894207e-03
1.448294268755323912e-03
1.435711615519269556e-03
1.427909198957841514e-03
1.391499070614248207e-03
1.362758438751267244e-03
1.357942160648268779e-03
1.340790155399243077e-03
1.316927427553536700e-03
1.284107583242498178e-03
1.267792808481541271e-03
1.256876994806720594e-03
1.228163930706357466e-03
1.194248100272606375e-03
1.186634557270608344e-03
1.185029403059980778e-03
1.182813065164416404e-03
1.160210680558709925e-03
1.158092380709567710e-03
1.136628261467367926e-03
1.129001133771249639e-03
1.119586828515206417e-03
1.094066496001572372e-03
1.073295646222770326e-03
1.059254099666582854e-03
1.041235964460975440e-03
1.033999604679330117e-03
1.021385280213536707e-03
1.011440426520868272e-03
9.948658708540468031e-04
9.867869514187995600e-04
9.739439432492161567e-04
9.669602133557458293e-04
9.595453424857063691e-04
9.513223021714699171e-04
9.414914687418801924e-04
9.267571473643895210e-04
9.222881998654174594e-04
9.112444965416855542e-04
8.962574114549695095e-04
8.909328895807275359e-04
8.824833002524030056e-04
8.751414483082805423e-04
8.653619589017140382e-04
8.583488846727731778e-04
8.534637437498953814e-04
8.293911463003385580e-04
8.284718852327977671e-04
8.213566925404498743e-04
8.150060824976093935e-04
8.122986916380500353e-04
8.044539970839611901e-04
7.956288384067002322e-04
7.870276432932691701e-04
7.815325664486117959e-04
7.714080922980098495e-04
7.676645144818610182e-04
7.645352423327723360e-04
7.598117690054452533e-04
7.484663063077416894e-04
7.456894936568980291e-04
7.385419509952990047e-04
7.291098544995102413e-04
7.237387957878253135e-04
7.134636938017016464e-04
7.088804368475768326e-04
7.013217277657380570e-04
6.996441694429400646e-04
6.954308190529008343e-04
6.830583055998407397e-04
6.826341500748270199e-04
6.768156051819349374e-04
6.678613218357242571e-04
6.665771894894115864e-04
6.571229422740910032e-04
6.527918418405937676e-04
6.465800293026504816e-04
6.436603025912736526e-04
6.422601755118523053e-04
6.386615674882913877e-04
6.299306661146763381e-04
6.284645188903954056e-04
6.197490959175798193e-04
6.128411636938888843e-04
6.099190366459873508e-04
6.072220224289222529e-04
5.979463746590008965e-04
5.962466225955850418e-04
5.928354113918769428e-04
5.888392614297242953e-04
5.802445190562254603e-04
5.749337400822895254e-04
5.737592987938101895e-04
5.703874929610483913e-04
5.666397007372995327e-04
5.614086566255873474e-04
5.574493617720772563e-04
5.508347193684225152e-04
5.485046741398999417e-04
5.465230906193135245e-04
5.454096918802403375e-04
5.405204484330389204e-04
5.345854174997660604e-04
5.287287427150563508e-04
5.231888078617947732e-04
5.220700379974628361e-04
5.210198184599611074e-04
5.163960066991451657e-04
5.135418029388108801e-04
5.107930206526403510e-04
5.060378624229443451e-04
5.042623187112518389e-04
5.010049615030172767e-04
4.994399985591918903e-04
4.975364931700214507e-04
4.936720357599587005e-04
4.901038807455947079e-04
4.858747119939872770e-04
4.822144670208262148e-04
4.771059350174615345e-04
4.751649668926139674e-04
4.725881497256684098e-04
4.699245314658414782e-04
4.646614833735023594e-04
4.601793882171509309e-04
4.577101222078444370e-04
4.555945294377596131e-04
4.533491186853338311e-04
4.480893165183550764e-04
4.478054846372316175e-04
4.464830408970023247e-04
4.430201763274644266e-04
4.404802636936898603e-04
4.375035293923050061e-04
4.320644226076489239e-04
4.317770423221903991e-04
4.298634451711649601e-04
4.270850143109588388e-04
4.254649913098402765e-04
4.235778482111635383e-04
4.216343664482625174e-04
4.200971472658311212e-04
4.176106103188883178e-04
4.152263434547594635e-04
4.116210403223847895e-04
4.098279147259935502e-04
4.058970251003014016e-04
4.039022501847962568e-04
4.010469222640816820e-04
3.985515233164333999e-04
3.960087528532282115e-04
3.943389907106876319e-04
3.939821850889414843e-04
3.921738899291471393e-04
3.887201803815144179e-04
3.860168164940812070e-04
3.850203883677509598e-04
3.838023448344648385e-04
3.808819679862735625e-04
3.787157807490630114e-04
3.760322585776488158e-04
3.744748567616965475e-04
3.717663556255804613e-04
3.698757876761742634e-04
3.680032628221073326e-04
3.660404181892676508e-04
3.647041391932329319e-04
3.636017801288292297e-04
3.625322646207657746e-04
3.590623589899062142e-04
3.572591716837113717e-04
3.537350262084014299e-04
3.526539147419851476e-04
3.507180836170493998e-04
3.498660264590209559e-04
3.471854138127745916e-04
3.451755177044342547e-04
3.427118309536246943e-04
3.410593128044328570e-04
3.391394178771460466e-04
3.353112551227259257e-04
3.345920592814600959e-04
3.321322048094464316e-04
3.312109207287727061e-04
3.299104632787573611e-04
3.277377340802507246e-04
3.261100221902568002e-04
3.251895761804412827e-04
3.243421241213701161e-04
3.216451370212313984e-04
3.202976384906349697e-04
3.197520581877474509e-04
3.176284994756785655e-04
3.160628751023167662e-04
3.150458809004523715e-04
3.140982696457432478e-04
3.117698893254549557e-04
3.111617565907154911e-04
3.101188560537077531e-04
3.065472449203103826e-04
3.050406157222069104e-04
3.041827639094898191e-04
3.035509134503009462e-04
3.013900644219399093e-04
2.996702030193639432e-04
2.974655508154713172e-04
2.962191410624624016e-04
2.951974497064998757e-04
2.943274228062643270e-04
2.922428372240539309e-04
2.904107165192962130e-04
2.894930400295430361e-04
2.883623648184204425e-04
2.871990637746815798e-04
2.854325429834146471e-04
2.835494973051683643e-04
2.817427011661245923e-04
2.805663164856462264e-04
2.795118088553441137e-04
2.789000942559101003e-04
2.769561492090638014e-04
2.760282486697021738e-04
2.745161113052156806e-04
2.730898695474885522e-04
2.716493651905349310e-04
2.694618457801310719e-04
2.685283364766613947e-04
2.675411916915497240e-04
2.667343156959657048e-04
2.647604631046559750e-04
2.630955784250228594e-04
2.623788818624165470e-04
2.620359153313836400e-04
2.605773351459180257e-04
2.599067653274935059e-04
2.589142216238401106e-04
2.584719778140294249e-04
2.572609996720105763e-04
2.557811885343323072e-04
2.547605361929886438e-04
2.535767910429989397e-04
2.519897837377310071e-04
2.514930851249344308e-04
2.496171064374985097e-04
2.491669611563544773e-04
2.482822040455443012e-04
2.478170565877719058e-04
2.462416977509606503e-04
2.454753615961834329e-04
2.450768018003882868e-04
2.435882786060205099e-04
2.423332806037404241e-04
2.421104410983418236e-04
2.412408875813139351e-04
2.396910122194042462e-04
2.384437083665070741e-04
2.374169017034703593e-04
2.364844707843495684e-04
2.361874965586050325e-04
2.346933683619806862e-04
2.337529608990777214e-04
2.325905125891024241e-04
2.324407268565344782e-04
2.315872901813974423e-04
2.305871025516036089e-04
2.293990325257127855e-04
2.286920290424812412e-04
2.271096549750665030e-04
2.262120154448575733e-04
2.250903476334428126e-04
2.245434671799876832e-04
2.244423408580065236e-04
2.237844719333364693e-04
2.220747357024931232e-04
2.216808693165492252e-04
2.207125375478211397e-04
2.194571509921639451e-04
2.184230247387063421e-04
2.180626884179136986e-04
2.177837513541053553e-04
2.168862104098427711e-04
2.162807752852059708e-04
2.156371274114114408e-04
2.149594183971338061e-04
2.141518642906283139e-04
2.134839911217204910e-04
2.131428572376020431e-04
2.123028718609099529e-04
2.119780371624821393e-04
2.112246082682191683e-04
2.102298127769930164e-04
2.091062873194034580e-04
2.086963155204537808e-04
2.081445886735415040e-04
2.069984795381150401e-04
2.068388022146018903e-04
2.063833152345505729e-04
2.055892306674163739e-04
2.050366310159717814e-04
2.046677412640675537e-04
2.042396027447129130e-04
2.033337097570438949e-04
2.024678504367738571e-04
2.012594595934710470e-04
2.005891839123438909e-04
2.001865180853010164e-04
1.995337560571028583e-04
1.989539995929207018e-04
1.981581133433381694e-04
1.975220677645769059e-04
1.966997913554953154e-04
1.965719601148517841e-04
1.962017424884399130e-04
1.952458252894742705e-04
1.950268086744755540e-04
1.944285851878912975e-04
1.943131031064482055e-04
1.931615380003162425e-04
1.928578646774335768e-04
1.924099824408291766e-04
1.921589507758581080e-04
1.915345996925893555e-04
1.913940106058353331e-04
1.908790422283052979e-04
1.903814787027703409e-04
1.901451879569470338e-04
1.896065204836318210e-04
1.885321386064401988e-04
1.874901357456313516e-04
1.865547733957068684e-04
1.863138364197955562e-04
1.860947257102337252e-04
1.859014230829440122e-04
1.853000760600684587e-04
1.847347915858299082e-04
1.843809837031171390e-04
1.840395810102952588e-04
1.837252409964002518e-04
1.831624308953800381e-04
1.822923879836222760e-04
1.818729405052781187e-04
1.810852830883041191e-04
1.807877701836549866e-04
1.803762240801508874e-04
1.799820387032830633e-04
1.797482999104446785e-04
1.790402229540896998e-04
1.788921292020231521e-04
1.782977987693771702e-04
1.780314639465964085e-04
1.776144340530225120e-04
1.773132068794198600e-04
1.769940192259011240e-04
1.768896191190082916e-04
1.761231678107322231e-04
1.753288989325762842e-04
1.752645143906879301e-04
1.751181809849618664e-04
1.746554678111035628e-04
1.742810873822540549e-04
1.738751940793416663e-04
1.737149462380871770e-04
1.732581807887296631e-04
1.726754166074923014e-04
1.722180566448163570e-04
1.717120460051142132e-04
1.714441847475495684e-04
1.713599206593382053e-04
1.710473124190477895e-04
1.705523511013564331e-04
1.696669783091910206e-04
1.692755814620842188e-04
1.684858566046830842e-04
1.682045543240474157e-04
1.679806725602654293e-04
1.675067924178792441e-04
1.671975051088067557e-04
1.667860056392071310e-04
1.664856111717463120e-04
1.664465640048550519e-04
1.656333663648396613e-04
1.652358399882717418e-04
1.651739429462964698e-04
1.648965641364691891e-04
1.645885438504489590e-04
1.641151181922080246e-04
1.636370220015243872e-04
1.633715619373367692e-04
1.632333290291804076e-04
1.631111714978356986e-04
1.627954807604807986e-04
1.625880211145297710e-04
1.623554147332922372e-04
1.619466521532296097e-04
1.613690854485353929e-04
1.612949288447312229e-04
1.610861581097013931e-04
1.605626006529401720e-04
1.603751385974444023e-04
1.600067274448982630e-04
1.595101408935818720e-04
1.591666046529481538e-04
1.587149198968401914e-04
1.583750585641740052e-04
1.583476956009561556e-04
1.580682000342125879e-04
1.579244369617346867e-04
1.574945537380120883e-04
1.573835240073625196e-04
1.570103683231646545e-04
1.567976529403725832e-04
1.563723529861283637e-04
1.562493324443416012e-04
1.559960155212720815e-04
1.557955137803852016e-04
1.556604869187953877e-04
1.551638652139290581e-04
1.550523384886431531e-04
1.546799452827442658e-04
1.546245108174780134e-04
1.543100860872186845e-04
1.539812832141860188e-04
1.537212092260438262e-04
1.534902656628196196e-04
1.532325748572145368e-04
1.530873043540423686e-04
1.528280982102468819e-04
1.526485059309421258e-04
1.522360485529852380e-04
1.521711320693330534e-04
1.519511987944793005e-04
1.516315885999078262e-04
1.513342661844331496e-04
1.511494964963782165e-04
1.508627660118647856e-04
1.505499800520773734e-04
1.504220487690858469e-04
1.500440173034831926e-04
1.497792317690059278e-04
1.497544798594236976e-04
1.495787806717485289e-04
1.493457395746182362e-04
1.490711523266332369e-04
1.484554957451769523e-04
1.481962472231597384e-04
1.479673749251742823e-04
1.476538605294847777e-04
1.474742091974062558e-04
1.473411660857637648e-04
1.470593595781780809e-04
1.470327124542631584e-04
1.467554607933349532e-04
1.467062740774489969e-04
1.465139300952040592e-04
1.463573162850839336e-04
1.460848104831692315e-04
1.458615151136995029e-04
1.457553813855825284e-04
1.456797293742640689e-04
1.452872061941974245e-04
1.449856268503079706e-04
1.447362404079267657e-04
