4.245318040415103217e-02
2.022355781346605805e-02
1.315155073161442846e-02
9.823684497946091540e-03
7.914886619485255945e-03
6.069483667909529416e-03
5.453148495497319934e-03
5.346789320383068395e-03
4.449651814479864409e-03
3.905815195381885131e-03
3.819754536849362565e-03
3.485415598199226219e-03
3.311601618067587516e-03
3.278122796929706755e-03
3.050675332664196625e-03
2.912808738864416935e-03
2.642321492640300942e-03
2.578320046010394544e-03
2.409770296979497732e-03
2.289857360721630694e-03
2.254028215889342362e-03
2.224388702920004641e-03
2.112651197030490560e-03
2.022640564530612389e-03
1.980015158099472216e-03
1.914806104358079486e-03
1.866211832903419410e-03
1.795593300870676522e-03
1.765480255048628962e-03
1.710174302988286005e-03
1.674223336788207639e-03
1.638780393272662537e-03
1.621233749102460320e-03
1.584861481070402173e-03
1.557593873403989452e-03
1.515845288111933873e-03
1.494760551354684707e-03
1.442400992954569845e-03
1.423613071267091192e-03
1.382087967696472592e-03
1.354355592762836223e-03
1.344578873996205405e-03
1.312589379084488700e-03
1.301602005247838416e-03
1.278414003499428898e-03
1.258024327201765196e-03
1.233909157111464511e-03
1.210701449361273677e-03
1.199166861306645571e-03
1.179495443355806517e-03
1.168787584391509050e-03
1.137094419363339579e-03
1.124283178857586737e-03
1.116328034888959542e-03
1.106341268430218209e-03
1.097066086012869627e-03
1.085176634493401591e-03
1.059748752863470681e-03
1.056496103698822183e-03
1.051545624146012301e-03
1.036565622531521267e-03
1.012426747267129550e-03
9.996481941283818888e-04
9.766998510493626363e-04
9.640842154371344211e-04
9.587141895051571683e-04
9.506661333757663451e-04
9.319802769285546367e-04
9.257285971823655266e-04
9.172711832307997755e-04
9.081551444622140094e-04
8.974547859115449390e-04
8.829412946897198262e-04
8.739155017414669069e-04
8.669983473727305243e-04
8.588154344065047690e-04
8.542213720520649978e-04
8.455802136346074731e-04
8.276035378877463853e-04
8.194692300582499811e-04
8.151897294125333209e-04
8.095705275354444889e-04
8.010932919172449431e-04
7.917028157169902960e-04
7.790907877464094133e-04
7.736784912343080880e-04
7.670301434432493914e-04
7.604366145119365299e-04
7.565865863049163562e-04
7.484266555160158782e-04
7.473454581814056386e-04
7.371999205143649420e-04
7.276091331294400272e-04
7.167087359967139150e-04
7.090048031114313653e-04
7.059340889390145401e-04
7.008812047395535311e-04
6.986947619037754513e-04
6.918376093188780647e-04
6.867921922227744613e-04
6.786357066829009146e-04
6.687369175028417840e-04
6.661148283721834420e-04
6.601936317755562403e-04
6.515391090750573874e-04
6.501318882681865171e-04
6.446431984047036644e-04
6.380020864181116342e-04
6.344301014445918310e-04
6.307596478999038083e-04
6.210771939350622807e-04
6.166885252141355309e-04
6.128346111271547759e-04
6.072391429564793141e-04
6.026498648785755729e-04
5.945309237794084520e-04
5.892497463586270513e-04
5.835862207136142477e-04
5.783531917673872180e-04
5.745773995285363917e-04
5.684578534789086089e-04
5.645262441465421577e-04
5.622613305321136042e-04
5.595369327705534144e-04
5.534737743869441815e-04
5.490652753111820031e-04
5.455600939637137098e-04
5.435691528891900635e-04
5.349787940489416976e-04
5.322593624442587294e-04
5.313007578913726651e-04
5.255458877443251915e-04
5.222492002392702809e-04
5.157274665879944819e-04
5.144523257560491836e-04
5.088418975126623913e-04
5.076203088544850323e-04
5.031262538634386329e-04
5.017156944885470910e-04
4.975556140440689579e-04
4.921616504625168226e-04
4.871924907612524983e-04
4.853778846983077748e-04
4.828603991408587600e-04
4.762849742515430965e-04
4.722219229626561628e-04
4.699478406402665632e-04
4.674793980106144576e-04
4.649408412496167922e-04
4.638090538692885099e-04
4.586312922201380956e-04
4.572815124602939009e-04
4.532777579513762810e-04
4.507860922401865211e-04
4.454865435035687939e-04
4.425194249435683395e-04
4.399093239201321915e-04
4.345596029924050289e-04
4.319067514025293577e-04
4.258377359397301997e-04
4.243841369793240775e-04
4.220951317635097608e-04
4.192849311129211057e-04
4.169939083126080674e-04
4.166184884391179290e-04
4.130969087600099552e-04
4.091803902593273861e-04
4.060153612314425123e-04
4.057611278667242415e-04
4.008290544096654740e-04
3.981717377506673668e-04
3.950273546260814816e-04
3.945047163404329918e-04
3.915717729552478849e-04
3.898006336390172745e-04
3.882182890628556446e-04
3.865417464841553168e-04
3.850767196936026029e-04
3.810059231256672854e-04
3.790907195492396946e-04
3.761384485619987251e-04
3.745568739620255892e-04
3.727076338768837158e-04
3.696086131827145673e-04
3.679215270739635791e-04
3.629720427689642399e-04
3.625436322749914795e-04
3.614737819996462578e-04
3.595431620050670591e-04
3.565722723674573510e-04
3.547121827381511370e-04
3.504024469400830169e-04
3.495283239321957829e-04
3.486473549268055542e-04
3.453595342771521404e-04
3.441885451378953742e-04
3.420072885587063555e-04
3.408796049100676611e-04
3.383270594784342509e-04
3.354812270349861298e-04
3.339936156523739012e-04
3.326044539364377169e-04
3.302546560370496487e-04
3.286250364752903229e-04
3.277784909233902419e-04
3.258348602219415281e-04
3.232181866722146947e-04
3.200870531271671486e-04
3.176941061192355077e-04
3.153204672067707855e-04
3.145216757922281734e-04
3.111246673058751873e-04
3.106436483248592798e-04
3.084260285817792954e-04
3.059855435425293366e-04
3.042002006320438236e-04
3.028476618681227232e-04
3.014430731831594908e-04
3.008222489194189455e-04
2.981251855764979579e-04
2.974848699999287473e-04
2.964646440896324584e-04
2.937774350673539995e-04
2.933533848496283972e-04
2.914112091052679238e-04
2.877465100135080623e-04
2.867906004862191631e-04
2.862514523921904481e-04
2.836738162498490356e-04
2.832101471163143503e-04
2.822822454261208515e-04
2.792620617332160432e-04
2.784966908020652747e-04
2.768926629371689101e-04
2.756285217612020446e-04
2.736102480658852477e-04
2.718397818441800119e-04
2.712047417058032622e-04
2.694553193373957611e-04
2.681744609307928667e-04
2.677561062915790159e-04
2.656255317597346261e-04
2.642895596416928680e-04
2.609809254806097489e-04
2.601786177675974006e-04
2.589252062312550739e-04
2.578358161605906495e-04
2.554517368475868163e-04
2.553514090466864578e-04
2.551647804543431862e-04
2.534521228514166873e-04
2.510883217120425366e-04
2.506654561541845879e-04
2.486599970833591072e-04
2.468000372813987614e-04
2.464829322636447701e-04
2.450249937431633234e-04
2.431409980413476522e-04
2.407986796002114138e-04
2.405056228524816021e-04
2.384868198810627469e-04
2.380255953165299305e-04
2.363251880992043013e-04
2.355176916831877511e-04
2.338894024612835478e-04
2.329428173218799688e-04
2.324497670275641815e-04
2.317666981797612412e-04
2.296461703472927392e-04
2.277274468969179872e-04
2.265263227177174911e-04
2.254526311036318198e-04
2.249064898416980784e-04
2.235905177665591928e-04
2.228948285340185580e-04
2.208618562177920455e-04
2.205410370443401853e-04
2.202401871251437684e-04
2.192116488689740397e-04
2.183358804873569367e-04
2.171588158360592555e-04
2.154832088151716529e-04
2.148335682390303412e-04
2.141745277141897830e-04
2.128919961355157269e-04
2.120640188877857390e-04
2.113762640695624579e-04
2.105672198008894764e-04
2.087791459818977952e-04
2.084025848714662009e-04
2.065788646630113429e-04
2.057639468861941292e-04
2.049753797667304412e-04
2.037736648491341091e-04
2.032029134715577373e-04
2.023046216176202180e-04
2.009825711958354978e-04
2.007965561256971627e-04
1.990100674397951293e-04
1.983920493223411948e-04
1.974398434402750517e-04
1.971838007251904435e-04
1.967615232397144909e-04
1.954487438036693484e-04
1.947285937110020972e-04
1.935576445657903805e-04
1.919819199828460654e-04
1.916843163350019652e-04
1.909398557402120313e-04
1.903890068187529829e-04
1.896987163216682943e-04
1.891309345488659743e-04
1.888843871587731697e-04
1.871850704162371360e-04
1.867942159138192139e-04
1.857354168354716261e-04
1.854521977229771368e-04
1.845348675619163281e-04
1.837256766558362415e-04
1.829922761734072622e-04
1.826195006597014080e-04
1.816389285863506599e-04
1.809477375064785906e-04
1.806431938402377774e-04
1.800214247721534488e-04
1.795407265608795269e-04
1.792927672076544251e-04
1.785661916507434634e-04
1.780311535531185611e-04
1.769739455559398355e-04
1.764067999016025201e-04
1.761150705381581496e-04
1.749686484629816446e-04
1.742293490204883206e-04
1.740993459787421710e-04
1.726160288817540597e-04
1.725076814794167278e-04
1.717728834265482723e-04
1.708800400238734743e-04
1.705566127526385984e-04
1.704206417407154569e-04
1.692836386553762224e-04
1.691070125527785516e-04
1.687236531772985616e-04
1.678232295322701936e-04
1.672440556805257147e-04
1.667555671425619023e-04
1.661152140125630875e-04
1.656465013602508203e-04
1.650166055209613142e-04
1.649198875457785415e-04
1.641217711313758861e-04
1.633763730829672594e-04
1.628934471788983220e-04
1.622920753530308869e-04
1.619936558223165164e-04
1.613534222010264032e-04
1.610167812341290285e-04
1.606511246642081190e-04
1.602582063663518324e-04
1.593983217464058251e-04
1.591990610297535486e-04
1.585991199468707313e-04
1.579501095589178636e-04
1.573203078495050210e-04
1.568283254958692953e-04
1.563853111524470300e-04
1.561790160959468648e-04
1.558555617909506644e-04
1.554881911912185503e-04
1.548642065927741921e-04
1.542881661652467206e-04
1.537816248270973938e-04
1.534898516446192541e-04
1.530640245710485482e-04
1.526671012688655201e-04
1.521535267488122439e-04
1.517985545251559630e-04
1.516502559078247974e-04
1.512215689599377515e-04
1.510074767670153116e-04
1.505970796910519971e-04
1.501053049319153710e-04
1.493987495200980271e-04
1.491553178444143530e-04
1.487752095543756672e-04
1.486176736102975905e-04
1.481959838147678789e-04
1.478707035885952958e-04
1.475957225143571935e-04
1.471897927660414961e-04
1.467298242121529658e-04
1.463587775932021190e-04
1.460258682144454723e-04
1.458072267670912651e-04
1.454566124344026413e-04
1.454121666363326177e-04
1.448829126418136432e-04
1.443688480901026186e-04
1.440612440243408971e-04
1.439085035090992336e-04
1.433027406779456168e-04
1.431055357669246196e-04
1.427471275404160070e-04
1.421022319305761603e-04
1.419643196981859319e-04
1.416543144672979414e-04
1.413035864581392521e-04
1.410534558372455874e-04
1.406809441029842551e-04
1.404642667933276396e-04
1.403281646110946142e-04
1.400534124438825500e-04
1.396670107653894509e-04
1.389150758363783087e-04
1.386846245933759370e-04
1.383649587315252184e-04
1.382193192845793247e-04
1.379654644833308238e-04
1.374328809574714360e-04
1.372120773337405129e-04
1.370763036929335398e-04
1.366910152032062438e-04
1.365032205721093824e-04
1.361434514038122252e-04
1.358930530852440132e-04
1.356027914867956666e-04
1.352277734821222624e-04
1.351023559871584068e-04
1.348740760847448648e-04
1.346059880391544154e-04
1.343342725942221836e-04
1.341404945863328125e-04
1.338107515744330273e-04
1.336931286216475349e-04
1.334253572173216176e-04
1.332292950516980341e-04
1.329151038297461218e-04
1.327645846848614039e-04
1.326904072529528288e-04
1.320468361763781409e-04
1.317229268220385737e-04
1.316066030441124081e-04
1.313097664164722238e-04
1.309179729867061316e-04
1.308662298454696057e-04
1.305198102123669799e-04
1.303686159636349793e-04
1.302004516185588411e-04
1.299786176626232723e-04
1.299068574381750940e-04
1.296031689896097667e-04
1.293286267877849830e-04
1.289745794093446292e-04
1.288835749648851298e-04
1.287205123100716177e-04
1.282711045187589420e-04
1.282135466009172117e-04
1.281260061622721351e-04
1.276744366470171387e-04
1.274924123331568678e-04
1.273570670854348437e-04
1.272702744614530692e-04
1.269502647095981226e-04
1.266880509425973803e-04
1.264523524109964503e-04
1.262360391769123675e-04
1.261370184743863701e-04
1.258186392830920738e-04
1.256970379196616593e-04
1.253806437714498540e-04
1.251557819465084695e-04
1.249633266649832742e-04
1.247348957966566761e-04
1.245628673246064401e-04
1.242583833636487164e-04
1.241754299904974143e-04
1.239670583127552600e-04
1.238209887259611203e-04
1.237105249451137651e-04
1.235287373114877976e-04
1.234070205033354045e-04
1.230345484518008761e-04
1.227831696651447062e-04
1.227565967429025305e-04
1.225573072802176272e-04
1.222781911028269467e-04
1.222163452671161095e-04
1.220968879282613309e-04
1.219335285206578075e-04
1.216711497966454868e-04
1.215766795260013889e-04
1.215127611270198612e-04
1.210290795513190736e-04
1.207729004628797992e-04
1.205971449442534693e-04
1.204050251760062552e-04
1.203512039297089487e-04
1.202506739483267476e-04
1.199700851384373886e-04
