3.382948138722659953e-02
1.489397103740856126e-02
1.047963244813286676e-02
8.883768706854699992e-03
6.578623997672585627e-03
5.011303768014815745e-03
4.567254334527503547e-03
4.359255262297457439e-03
3.578478765897943545e-03
3.322439520999976616e-03
3.190108611733061001e-03
2.857181115229887568e-03
2.715513698156009261e-03
2.663673875795744168e-03
2.597509820576286189e-03
2.371481308314827164e-03
2.227688995242745225e-03
2.119686137670977449e-03
2.098290625057589939e-03
1.951619827368832874e-03
1.852368794080410004e-03
1.758799953611237627e-03
1.708991819354786475e-03
1.685390225421471572e-03
1.641213972916802334e-03
1.628843753228864525e-03
1.536685570325039456e-03
1.532144473808291687e-03
1.503313319461725564e-03
1.463067270170768323e-03
1.428388754068893752e-03
1.357814486639419239e-03
1.328671705368233025e-03
1.324378747897034204e-03
1.312147230725060204e-03
1.296072631295009867e-03
1.284470082543543844e-03
1.207384961850902242e-03
1.203344374208328458e-03
1.172242679608049730e-03
1.156942457782158314e-03
1.130562044991224608e-03
1.118548311562153489e-03
1.104713522466261449e-03
1.093214368156231100e-03
1.077221367568609615e-03
1.048742222060801681e-03
1.037513306160945444e-03
1.013757807442957010e-03
1.007638507373414052e-03
9.902103362785560480e-04
9.774861596249066753e-04
9.503483239184323892e-04
9.462234259201462083e-04
9.387836505752711726e-04
9.283956041605621184e-04
9.038222909159935323e-04
8.938969081256238885e-04
8.907861870681168213e-04
8.743339670881575265e-04
8.647460275202315406e-04
8.481150807145694482e-04
8.442407762500774623e-04
8.380242763365460239e-04
8.264552346826391270e-04
8.202477776195430531e-04
8.087956694303185352e-04
7.997334623198288587e-04
7.903616124158989757e-04
7.846200384889183031e-04
7.798336289508643300e-04
7.670970167530628088e-04
7.618027692209701322e-04
7.504856795207300035e-04
7.399480909479798710e-04
7.358783347005605924e-04
7.238740996851245231e-04
7.172786925286611659e-04
7.089030517039050317e-04
7.011065416812811615e-04
6.990251502074713895e-04
6.943448118106888270e-04
6.834235766429671600e-04
6.812174329507717169e-04
6.798959088909060271e-04
6.737160806301159587e-04
6.707391067369201411e-04
6.646500560849102901e-04
6.534589220567744560e-04
6.430170583520567612e-04
6.378809422011953853e-04
6.302506122140386384e-04
6.277368281216982177e-04
6.244872219185207364e-04
6.230589826386478697e-04
6.124331473718857546e-04
6.100455581815496242e-04
6.030283820473205650e-04
5.976712975284577400e-04
5.967395715095655771e-04
5.892768074068995996e-04
5.806181130407434086e-04
5.768792256504341872e-04
5.726077275317564526e-04
5.691051842089927659e-04
5.643706285180682307e-04
5.624304374109937582e-04
5.571262715612091939e-04
5.549971208414804843e-04
5.489623045441209938e-04
5.471270859421105328e-04
5.393936567002560138e-04
5.365302326143436005e-04
5.268019794268808797e-04
5.254163987182420290e-04
5.207135092818126988e-04
5.154913737664908223e-04
5.142689770188816137e-04
5.120548354375666338e-04
5.088730778574065755e-04
4.997878422181387809e-04
4.964985117849130079e-04
4.946038169370695677e-04
4.921955990673078721e-04
4.853234037082167197e-04
4.824040428012717208e-04
4.773915479089538543e-04
4.746132588490499732e-04
4.727095332200908335e-04
4.690897476219884135e-04
4.647638145878850826e-04
4.636605546937612086e-04
4.593377608713532104e-04
4.582118749953914983e-04
4.567463721878116650e-04
4.517044927703031156e-04
4.502191234716467730e-04
4.490023117931095549e-04
4.446429317077828409e-04
4.373457458575256518e-04
4.334633125126839508e-04
4.319587471949001638e-04
4.282352872466539347e-04
4.271770942146261652e-04
4.264274722593652963e-04
4.215583746625025654e-04
4.189439667089562831e-04
4.156374434898111236e-04
4.120401109572077963e-04
4.087547085866522953e-04
4.054094678841042572e-04
4.026371356192008882e-04
4.019606227851679802e-04
4.007101458273037140e-04
3.995092667851906591e-04
3.945657839725773817e-04
3.931948831599251046e-04
3.919742276410782540e-04
3.892142561235894366e-04
3.878208486379032061e-04
3.856595860659302712e-04
3.813022205895308294e-04
3.799596964227377007e-04
3.779858972087100032e-04
3.764309755331543919e-04
3.739130121305529872e-04
3.715157829474581108e-04
3.695736597744694808e-04
3.688539042275140864e-04
3.635286129048148521e-04
3.605500687946024563e-04
3.590865084779939196e-04
3.580410829387303969e-04
3.569484438876833901e-04
3.533513992072935908e-04
3.522172105046959692e-04
3.499749492290550254e-04
3.488552922570262171e-04
3.475206441957072825e-04
3.445025821015431310e-04
3.395986106491204995e-04
3.383768904520280179e-04
3.362730927351257281e-04
3.350532958876100190e-04
3.321317854371315620e-04
3.303878661444485014e-04
3.287820442073537174e-04
3.270234681971079444e-04
3.254767992710943495e-04
3.233732494083678280e-04
3.210650961991133893e-04
3.193783362090870368e-04
3.173287225609806340e-04
3.161951741377328970e-04
3.147972063162833545e-04
3.121882488307850512e-04
3.116201088691913056e-04
3.113382231802978980e-04
3.077807458342410579e-04
3.050711092268295873e-04
3.036207402307401987e-04
3.023798029047127943e-04
3.011438082603123847e-04
2.986539676732970845e-04
2.980905197019407572e-04
2.952972042676250877e-04
2.942846723115163173e-04
2.924580219217317884e-04
2.881651080643919650e-04
2.872842945096367936e-04
2.847976776897518541e-04
2.836042172505712829e-04
2.817505609833073242e-04
2.797500622490893974e-04
2.792289642266145857e-04
2.779935852520192983e-04
2.755609004462665924e-04
2.733549229545925935e-04
2.722279664861141702e-04
2.691687363858933659e-04
2.673945929908973880e-04
2.668371182054653473e-04
2.660709108389694932e-04
2.651690120624531906e-04
2.636944538947629479e-04
2.627149976949619031e-04
2.607534905347542163e-04
2.589397026318887292e-04
2.577505669075993728e-04
2.569090953450341034e-04
2.547894746403619559e-04
2.532329821031314488e-04
2.519577784529359286e-04
2.512872295781785653e-04
2.482590006914642158e-04
2.469992478702628057e-04
2.445197542797430024e-04
2.432246708413724704e-04
2.424421653469090914e-04
2.409398046535576432e-04
2.406396101376051641e-04
2.396193644958049824e-04
2.373737709935605858e-04
2.357414368295717062e-04
2.356122458157067180e-04
2.347354676616159703e-04
2.335212027565931067e-04
2.307955687292586493e-04
2.298156686364417813e-04
2.271055649726485951e-04
2.269224307580548024e-04
2.261910830639996786e-04
2.243150831657309712e-04
2.228030303901639786e-04
2.217061746961692954e-04
2.207064912372617895e-04
2.189798413041765303e-04
2.184527515870151194e-04
2.166000229545482080e-04
2.155599734815063845e-04
2.142070888184332438e-04
2.126699733863672158e-04
2.114465917770519843e-04
2.095139080013146376e-04
2.091634851311804293e-04
2.079954686667397383e-04
2.070996024195941390e-04
2.041803139630371956e-04
2.034556526544748260e-04
2.021378475462518151e-04
2.012773571278716860e-04
2.002481895171258266e-04
1.997174673685480500e-04
1.995014563635316945e-04
1.968197560088383096e-04
1.957619503319333167e-04
1.948505046237242557e-04
1.940401167688446534e-04
1.931947505710585055e-04
1.924291033407799271e-04
1.904748889246987893e-04
1.896241275685822973e-04
1.882824597261477048e-04
1.881846412929422650e-04
1.859739196914794431e-04
1.853713667317100609e-04
1.838968651535734179e-04
1.818430236757590532e-04
1.803167562616869810e-04
1.798980645413563134e-04
1.788461253455767203e-04
1.776532222568214284e-04
1.770072398071865268e-04
1.758846953349662125e-04
1.749496234991337331e-04
1.738222705233736305e-04
1.724222865347723463e-04
1.720774282343798679e-04
1.702611750172328315e-04
1.695648244518703582e-04
1.686553160644466999e-04
1.665718048890401173e-04
1.661924637832202535e-04
1.650145959268161158e-04
1.645255223893876077e-04
1.620872941907299588e-04
1.615027192578119195e-04
1.608390158389351400e-04
1.604563127823788377e-04
1.590545133863008364e-04
1.588998864515870995e-04
1.581516220208691492e-04
1.559405904808497368e-04
1.551922260640314682e-04
1.537299778852195412e-04
1.533530142902482995e-04
1.521861547194236974e-04
1.515311413704860876e-04
1.501809018237013028e-04
1.496550334081990616e-04
1.480430358207613067e-04
1.474159612575690645e-04
1.469273791011083455e-04
1.461900183229785050e-04
1.453839736432332443e-04
1.446501048321779243e-04
1.437290244830673398e-04
1.427098133508119724e-04
1.420473680338812743e-04
1.407290266403943724e-04
1.401650933746052049e-04
1.394606270881105202e-04
1.390485277152827550e-04
1.383747764166066258e-04
1.380646059413900525e-04
1.377197529305612558e-04
1.370583731399442509e-04
1.365456079467132228e-04
1.354895859180375341e-04
1.349241281379277835e-04
1.343142493650970276e-04
1.338521847475250635e-04
1.336192500696672806e-04
1.328028026066287073e-04
1.325245917884637669e-04
1.320135096576480595e-04
1.319533889940667504e-04
1.310709281690078019e-04
1.298721323367267339e-04
1.296401663007182444e-04
1.292845108182400741e-04
1.291065574555051579e-04
1.282988939948632968e-04
1.280493944974961731e-04
1.273172926461631086e-04
1.265359836155935370e-04
1.262620876364462007e-04
1.259448685627768624e-04
1.253834455566717329e-04
1.245201661916715699e-04
1.241414217631278975e-04
1.238658418039188835e-04
1.236698367775531976e-04
1.231004760896428987e-04
1.225885254535228415e-04
1.224666969286420781e-04
1.221204543476640684e-04
1.217856383085306115e-04
1.213025007293645730e-04
1.207681207196128066e-04
1.205991293671896379e-04
1.203292801323238787e-04
1.199094785875520687e-04
1.197414088957405540e-04
1.194207389945681539e-04
1.191097955216022475e-04
1.184645528866483524e-04
1.182952325653515167e-04
1.179335644680934393e-04
1.175167792028581249e-04
1.172597924234615349e-04
1.170582702134329988e-04
1.168775365758080225e-04
1.164709195350753089e-04
1.159998179921986465e-04
1.156859551428616139e-04
1.155029813294321771e-04
1.152190316044781720e-04
1.151424485834907772e-04
1.149383844543691677e-04
1.143379918883281996e-04
1.141078370860652017e-04
1.137288722680646010e-04
1.135338218070058137e-04
1.133102806990387581e-04
1.132389254272899505e-04
1.128662172439801156e-04
1.123837855031172608e-04
1.120033139492294521e-04
1.118988972797199308e-04
1.115770315352073940e-04
1.111932451790265130e-04
1.110363941310248397e-04
1.108090342061390901e-04
1.105902775847723846e-04
1.101705134050572478e-04
1.101038869699411918e-04
1.098470280565083500e-04
1.094166132997796654e-04
1.092824764898793607e-04
1.090974696564402872e-04
1.088068098090824774e-04
1.085457145034402578e-04
1.082550751946351452e-04
1.079425022287638301e-04
1.078906660687756132e-04
1.074926608781936755e-04
1.072275468138624412e-04
1.070625908306285616e-04
1.067158400211050271e-04
1.065341976751461021e-04
1.063301014810964551e-04
1.062654314308197261e-04
1.060002082249373348e-04
1.058737332976827694e-04
1.057029843617937625e-04
1.053940553458519394e-04
1.052058354503422144e-04
1.051434529651200898e-04
1.049165132932216980e-04
1.046379723762016741e-04
1.044551458692213262e-04
1.041201278874340539e-04
1.040529038651507747e-04
1.038837074750903467e-04
1.036846360900154637e-04
1.035348354362236882e-04
1.033008224856161035e-04
1.031494006150382111e-04
1.029732803419426310e-04
1.027634610039255365e-04
1.024541397874292095e-04
1.020706750233720412e-04
1.020380529794954393e-04
1.016911493493433030e-04
1.016126694360253738e-04
1.014238989503655705e-04
1.012895797452804269e-04
1.011807162850228214e-04
1.009520167834358794e-04
1.008858021103172469e-04
1.006713993438870726e-04
1.005219709661574066e-04
1.004149587127729651e-04
1.001779051168650702e-04
1.000477597146124672e-04
9.973032665575072976e-05
9.959869515337438893e-05
9.940246167669433263e-05
9.932153359999802906e-05
9.916668581662029642e-05
9.899892884078967240e-05
9.885134134607970397e-05
9.874903939798175675e-05
9.847540021393521561e-05
9.833580689381273823e-05
9.816160691533501622e-05
9.797046109717039988e-05
9.784554364670338842e-05
9.770150794805365960e-05
9.751398664811451375e-05
9.739174093227408830e-05
9.727255047643450898e-05
9.711982872657099928e-05
9.699230120501588074e-05
9.675422466240491998e-05
9.667464788411579853e-05
9.658963051214448166e-05
9.646642661437863767e-05
9.615780212030895649e-05
9.608812860563608813e-05
9.600214729432889451e-05
9.577114621008974565e-05
9.567075434204059777e-05
9.541517935559373851e-05
9.538161000004312655e-05
9.521263938033888491e-05
9.513304815885410056e-05
9.489638677591483791e-05
9.475818547959309981e-05
9.469487136671665424e-05
9.458188943175998100e-05
9.441106291704551680e-05
9.427063916506095637e-05
9.412794073221563893e-05
9.407079394899572563e-05
9.401587342461270537e-05
9.377496714941066123e-05
9.366338677945111927e-05
9.360012289938058499e-05
