6.859779933093333726e-02
3.335300342115465888e-02
1.833536663266371880e-02
1.401939915366175182e-02
8.498530757875939756e-03
7.169296660605859427e-03
6.577217470428621190e-03
5.159680130533582029e-03
4.926122461440782078e-03
4.447312853004554284e-03
3.823189688431362105e-03
3.694422667641382007e-03
3.318198851998479214e-03
2.880514803719786288e-03
2.771835180566745854e-03
2.681549374790788767e-03
2.485906492125307919e-03
2.418399190064647077e-03
2.311933212674310845e-03
2.204719494161964336e-03
2.163787407941408000e-03
2.115119925997412369e-03
1.940275008668423387e-03
1.914359909460724854e-03
1.837179697550788597e-03
1.791766244896296142e-03
1.749654407853739506e-03
1.740033951957508252e-03
1.679477356823645033e-03
1.633831436977087413e-03
1.599264547218022395e-03
1.577789402516254283e-03
1.554950333251514530e-03
1.549534428153638175e-03
1.504110908695467088e-03
1.487174016599998897e-03
1.451888976519452460e-03
1.420767626323724952e-03
1.379645597086040206e-03
1.374809909233558726e-03
1.325094221299878130e-03
1.310819909309167419e-03
1.305411270037521452e-03
1.281228408289261699e-03
1.268876426821150634e-03
1.265471642042696352e-03
1.243040818375426614e-03
1.224490004302104199e-03
1.205323604674589594e-03
1.192505664027230508e-03
1.181782377156942758e-03
1.178370391056725178e-03
1.150496700293125773e-03
1.142808038998567761e-03
1.132817962549010271e-03
1.130319921676481302e-03
1.110334217224468812e-03
1.100765239227188049e-03
1.090552628682228513e-03
1.083079307985419099e-03
1.062472576433391757e-03
1.051334204731834256e-03
1.043520558484742214e-03
1.038001901501021604e-03
1.030015604295150822e-03
1.017201663097006253e-03
1.002492757111984661e-03
9.821177422312103202e-04
9.730871462496831293e-04
9.697566470497319402e-04
9.562699494699966997e-04
9.508208004621082794e-04
9.486730516558997475e-04
9.314095805309135015e-04
9.231020413084454600e-04
9.148693912910629313e-04
9.057051027224151309e-04
8.989281627901358736e-04
8.930622909979913510e-04
8.827911667593422952e-04
8.755071052293865973e-04
8.601703200276706500e-04
8.578789751989473805e-04
8.532508658166852245e-04
8.508804070343932088e-04
8.361502051028827254e-04
8.319833239216376745e-04
8.295273256234929468e-04
8.214650720248238861e-04
8.181968620917006363e-04
8.055181786160100794e-04
8.024486764932977799e-04
7.905027875257231293e-04
7.839864787695720273e-04
7.785980605115071836e-04
7.685237029061325106e-04
7.652759165993449752e-04
7.565247721953673914e-04
7.477631247634866814e-04
7.449281228282159757e-04
