5.169869862192460336e-02
2.013122180007792181e-02
1.280942903264273985e-02
8.954173850053462683e-03
6.044235274226874080e-03
5.344799197334383113e-03
4.864473652298429915e-03
3.744331523803811571e-03
2.999020417886809169e-03
2.880987256533348168e-03
2.626983523319709017e-03
2.214866540952684353e-03
1.912066365124962843e-03
1.858451619676939432e-03
1.665663507106895924e-03
1.572191398816777039e-03
1.483063859410693611e-03
1.363895583123206790e-03
1.293652231426233815e-03
1.218869185851444940e-03
1.112152005825638515e-03
1.050710259474167468e-03
1.009731817311636595e-03
9.703663553618848423e-04
9.607441621382913207e-04
9.089495916465596941e-04
8.924941364294835654e-04
8.845323548086449694e-04
8.349400284602392095e-04
8.159915497738996510e-04
8.087304959715252602e-04
7.705067777948266042e-04
7.627681169383105286e-04
7.461388772396971474e-04
7.417929674709688049e-04
7.254865926602691809e-04
7.151753485652260220e-04
6.932338222335283559e-04
6.765452016322659728e-04
6.670748885104254211e-04
6.566579588293381363e-04
6.488817924248142669e-04
6.399712382202894442e-04
6.281254765930406343e-04
6.236784733854724375e-04
6.147646798039417201e-04
5.977843341473409490e-04
5.845929967739843048e-04
5.810689027002886647e-04
5.738796455712058802e-04
5.702309677814620861e-04
5.656546945102282602e-04
5.551647814593883281e-04
5.478198260079860304e-04
5.371032649878081013e-04
5.315543977446585524e-04
5.219530423973803334e-04
5.182878569925175117e-04
5.131420928558231426e-04
5.092423199857624158e-04
5.015409916501626731e-04
4.968974323798051873e-04
4.948080158906125120e-04
4.851823189768030508e-04
4.834066950369421975e-04
4.815048027046761147e-04
4.800711246300397870e-04
4.784883502705647267e-04
4.699666055263333861e-04
4.593184896706010057e-04
4.577914016446331695e-04
4.553927859163718508e-04
4.533779543295502054e-04
4.472911437756615666e-04
4.432163573438045777e-04
4.395638207539720758e-04
4.353676800586537936e-04
4.319995612670399741e-04
4.278214653732937160e-04
4.276767156950551300e-04
4.217523293204063499e-04
4.169077036558026229e-04
4.124399226208889891e-04
4.117091836278468264e-04
4.087014988631448333e-04
4.051376873030419204e-04
4.021185320891882764e-04
4.016806225546103106e-04
3.958606300329051272e-04
3.933174956728582969e-04
3.900694504602709675e-04
3.884155979440454876e-04
3.821447296087196921e-04
3.786819149960627112e-04
3.780401516941691133e-04
3.771704629833721491e-04
3.741793707386115598e-04
3.727656680580243727e-04
3.697610083669633984e-04
3.664803912583005263e-04
