6.777961516166258749e-02
6.309666188442578094e-02
4.324085604911530323e-02
3.313457322260212473e-02
2.985814631213300901e-02
2.741959471378275365e-02
2.377732480092729916e-02
1.838234090441435292e-02
1.652459318735998231e-02
1.587110186093846839e-02
1.503188757603113497e-02
1.356062089660015242e-02
1.264432137727805085e-02
1.247740824063975525e-02
1.095432737060207141e-02
9.917388510498871546e-03
9.744952555348723039e-03
9.272341624802794488e-03
8.724544418137986784e-03
8.188542424955636695e-03
7.931813898261702231e-03
7.513469438484762439e-03
7.157110868029414354e-03
6.953652722190534208e-03
6.803768897243122650e-03
6.530572404896720431e-03
6.328690740773666897e-03
5.881258785058177639e-03
5.762000604238414272e-03
5.704146807614636841e-03
5.553257312203662907e-03
5.405389672311615261e-03
5.196183096099595347e-03
5.105217586513361751e-03
5.022514162961613446e-03
4.927216923342818758e-03
4.772890742893665973e-03
4.728634752211803918e-03
4.628236935237180216e-03
4.476887863077482453e-03
4.434312903019011279e-03
4.370231598429620556e-03
4.295751065765093454e-03
4.188972609535056985e-03
4.179524395975092559e-03
4.040245826907174279e-03
3.960224907299038019e-03
3.936686224391148028e-03
3.858939489013743594e-03
3.825816452413500438e-03
3.766814826506990291e-03
3.738162318525683429e-03
3.697785688539915929e-03
3.578858003774709143e-03
3.510711197742147870e-03
3.419659862993816406e-03
3.385582672775599381e-03
3.347843345833296982e-03
3.271835254502646669e-03
3.217497938363230586e-03
3.212470760024872286e-03
3.129825696968045051e-03
3.055674818071872374e-03
3.048930618428246156e-03
3.019885490162677304e-03
2.955525322227846047e-03
2.915276246469255227e-03
2.910096880729145033e-03
2.856646546110435097e-03
2.773704534420971118e-03
2.753763926034711804e-03
2.724202970662298155e-03
2.659911325468555365e-03
2.627030190750187597e-03
2.614031284342265612e-03
2.579163786952432674e-03
2.528797366926365756e-03
2.505358123704820757e-03
2.503151810102777295e-03
2.463610896978950509e-03
2.444353250206036682e-03
2.419714310360426921e-03
2.385470950936005932e-03
2.378426524270710503e-03
2.344391740117163659e-03
2.325104172400392286e-03
2.282702357241830037e-03
2.255611392654930953e-03
2.243656038625653579e-03
2.225983448431171925e-03
2.203070049693473410e-03
2.188798859279748096e-03
2.161472197954776055e-03
2.135977787761480454e-03
2.107856008733769316e-03
2.105418388893211430e-03
2.069543757531830744e-03
2.047628388768831485e-03
2.027340400454163624e-03
2.014657840943149744e-03
