6.621672803524890349e-02
2.366095999695587773e-02
1.401866949013974052e-02
9.013010106131081473e-03
7.248012728687594497e-03
5.981451638899789452e-03
5.461368956106210128e-03
4.421674083005982733e-03
4.069055442458605586e-03
3.670999376791120750e-03
3.201588070140387425e-03
2.847860996366842999e-03
2.462073425327940789e-03
2.435763431320853677e-03
2.290086727950622295e-03
2.123712503247790050e-03
1.987825288842965527e-03
1.982058798925121455e-03
1.789197078815747298e-03
1.704053514038284239e-03
1.594579709811830021e-03
1.572917294971891379e-03
1.532842395506674692e-03
1.523151083706118141e-03
1.467472495724207173e-03
1.390086147378282551e-03
1.358125260900311295e-03
1.347834248379707655e-03
1.311146411752549387e-03
1.278372602888194721e-03
1.244473528070107670e-03
1.216341990729411611e-03
1.213216072941345489e-03
1.185343509715501304e-03
1.136555137187759013e-03
1.134769952152801147e-03
1.110335540204160972e-03
1.095556082343596051e-03
1.093809916486748962e-03
1.067880365303245553e-03
1.055538333840534606e-03
1.035998706370389695e-03
1.020396063658283526e-03
1.000519985883440701e-03
9.871883684853587169e-04
9.799799557414778928e-04
9.724542902811778760e-04
9.664999184319965830e-04
9.633412835272363479e-04
9.435168710788869022e-04
9.168105451308503984e-04
9.118163014370217999e-04
8.996543022067003681e-04
8.883363617814414885e-04
8.781654266165346123e-04
8.630202789672822587e-04
8.596830534229289245e-04
8.506426088535877506e-04
8.326311557693525127e-04
8.203573404898826735e-04
8.186653381912958188e-04
8.005357443786124657e-04
7.967959399424661901e-04
7.956090355883540599e-04
7.852905101058419097e-04
7.745071646937310003e-04
7.686690031994071384e-04
7.624249499299165641e-04
7.523578634242518480e-04
7.495292465523462197e-04
7.421418041709411904e-04
7.367543246019980048e-04
7.266920477982776252e-04
7.185401308408122939e-04
7.147686204754824741e-04
7.078445920784018309e-04
6.982067822092182310e-04
6.942887345827310598e-04
6.889023990300556597e-04
6.832912298040739237e-04
6.788251248457092711e-04
6.711849417281643250e-04
6.690276775379313482e-04
6.619306569145039405e-04
6.598119797127478337e-04
6.467380032080142583e-04
6.446445427853497506e-04
6.384280304117573345e-04
6.281405115736075993e-04
6.270998218630291238e-04
6.233252717832343586e-04
6.212193988646488862e-04
6.177323248200663119e-04
6.143759901845722605e-04
6.097637623467844778e-04
6.047191073149856553e-04
5.982379478834542888e-04
5.961979870909268160e-04
5.908147758611197609e-04
5.871709438237723150e-04
