5.418198988236900410e-02
2.096612400012524621e-02
1.376792724373843320e-02
8.826725796594239032e-03
6.975391394482403397e-03
5.565469136294223275e-03
5.423077825030944710e-03
4.433837109793410843e-03
3.857369411777468275e-03
3.387373343537180854e-03
3.212891742883876214e-03
2.884109337615191164e-03
2.523145974432247206e-03
2.476724735831297396e-03
2.319761468164891881e-03
2.149235617531628038e-03
2.008083341469887439e-03
1.916815387159762898e-03
1.844982451409681338e-03
1.738773987257573100e-03
1.684202209639010890e-03
1.582559952209723272e-03
1.566925491995397376e-03
1.546935393969379839e-03
1.512986518933436822e-03
1.402852969928890898e-03
1.375926111150077612e-03
1.350082516541482392e-03
1.334133433590238517e-03
1.289494777223938390e-03
1.262696915397709240e-03
1.247427498078580070e-03
1.218767304649384653e-03
1.197984823834589334e-03
1.180747744260963192e-03
1.168121913862877346e-03
1.131049005162176315e-03
1.105097214968867991e-03
1.081990133713641410e-03
1.070516518618885339e-03
1.049631819974994242e-03
1.023521054403975575e-03
1.004745924190346895e-03
9.976510160180621003e-04
9.944679118102201735e-04
9.836137640943591175e-04
9.642872279679009367e-04
9.405476169181014754e-04
9.363024891884223766e-04
9.193396387288263688e-04
9.126733894503971916e-04
8.932335664418999000e-04
8.915099247447949181e-04
8.672633018831858286e-04
8.601810583674112829e-04
8.478654024651712711e-04
8.321561714768362225e-04
8.229940127141884953e-04
8.033513053576705728e-04
7.929868905063600310e-04
7.811902298618058791e-04
7.765259514939973308e-04
7.693095337385930663e-04
7.589650501445479192e-04
7.575825538541218788e-04
7.452193025435573537e-04
7.377939378238545327e-04
7.359671470911258694e-04
7.191034799051533935e-04
7.168315442867626008e-04
7.021742117304864044e-04
6.933883765665801871e-04
6.862850287605011621e-04
6.799630379781184883e-04
6.758254402297070871e-04
6.725502277782184363e-04
6.611212337453659191e-04
6.545112876550376836e-04
6.497735471439551169e-04
6.417699165865599483e-04
6.394977375139609737e-04
6.313109025428494288e-04
6.282789515353203900e-04
6.271539786692269074e-04
6.220482235896740561e-04
6.101010560507619512e-04
6.039744826821858478e-04
5.983506898209257387e-04
5.896931849891998145e-04
5.874254333556014384e-04
5.835379494538167492e-04
5.784803021194460286e-04
5.709926208882675413e-04
5.635872284387882271e-04
5.620932531832422210e-04
5.596076269389819004e-04
5.547249150120115097e-04
5.505932872664396314e-04
5.493583386040088801e-04
5.446917971950732259e-04
