1.069426373339549680e-01
3.959975303207637076e-02
2.624676790952322480e-02
1.574031518851962824e-02
1.241225002500477570e-02
9.889401106474574737e-03
8.273665130450726102e-03
7.101667231039146023e-03
6.579891819936752213e-03
5.526127237419690280e-03
5.404963422261325340e-03
4.916146822024498528e-03
4.040832105105484490e-03
3.915938488021732285e-03
3.449177940235235475e-03
3.412794786313320689e-03
3.318056817206997168e-03
3.154363946404599526e-03
2.960365183556758727e-03
2.936277305154025036e-03
2.881207563787794440e-03
2.770827602367607195e-03
2.674205153045951158e-03
2.589231235368299935e-03
2.446741144557898744e-03
2.410613595335746664e-03
2.362829003028451072e-03
2.272712082797374075e-03
2.194400158342767280e-03
2.126689007356790707e-03
2.098101798436391441e-03
2.067785525687375944e-03
2.024444150656616332e-03
1.977702546383919464e-03
1.938440649726805168e-03
1.912697169971614135e-03
1.907943431267903386e-03
1.891592022280922216e-03
1.867001438986905714e-03
1.835003118998704101e-03
1.785855938973531778e-03
1.757846938437022293e-03
1.732697034797721402e-03
1.704427269180048372e-03
1.683500795921799489e-03
1.639803857782429295e-03
1.622326237852916939e-03
1.611707895854506229e-03
1.596106911729876406e-03
1.550896488696825370e-03
1.529576417199136071e-03
1.517176674483363547e-03
1.499717135881245512e-03
1.483947894540191270e-03
1.468593121787544050e-03
1.447323684619155780e-03
1.440200961439160043e-03
1.425134297802010041e-03
1.417744467711226164e-03
1.402486724441407134e-03
1.386561770685717197e-03
1.352171733702154689e-03
1.335517708075493028e-03
1.319638623672404450e-03
1.310357480537992052e-03
1.285631658861441937e-03
1.268434187392286291e-03
1.264546571914500856e-03
1.245458231945795104e-03
1.237737329659269539e-03
1.222059933677465803e-03
1.218461751533860644e-03
1.207209258690146447e-03
1.187718537388341008e-03
1.172189579783036381e-03
1.160689852555971038e-03
1.152503882220300754e-03
1.150248307792390299e-03
1.133094450546575380e-03
1.130768351561532150e-03
1.120690116552427356e-03
1.104075432717750022e-03
1.089054176487236824e-03
1.084605510200366751e-03
1.081213509372647066e-03
1.061684163482626980e-03
1.059839113049510862e-03
1.051951240069858278e-03
1.040472647529958007e-03
1.032188828426820054e-03
1.015599144224557052e-03
1.003736766692561733e-03
1.001373887386593090e-03
9.975936480049168303e-04
9.898449670157653466e-04
9.845260997132830941e-04
9.783565143045790634e-04
9.617955011274829241e-04
9.545557653869266327e-04
9.490739800095709293e-04
