1.103299972724516020e-01
5.309819772316085040e-02
4.348126297986649319e-02
2.181321871332041543e-02
1.867723313896175671e-02
1.566314991260784120e-02
1.208247589249087164e-02
9.441844721355289322e-03
8.493650740138646710e-03
8.112388779815274745e-03
7.067552087546795717e-03
6.807690069909986576e-03
5.685626683863610753e-03
5.124863019548463877e-03
4.850478512015151712e-03
4.785536046742653975e-03
4.378083050860803044e-03
3.971876248568309217e-03
3.739851280875241667e-03
3.670395933308756142e-03
3.638751124984108531e-03
3.446255514546552132e-03
3.293393335050515038e-03
3.199503911124913173e-03
3.033103763157495632e-03
2.973198681855381866e-03
2.923969027442531541e-03
2.828740188460725485e-03
2.775639752875248140e-03
2.748444401883063781e-03
2.694070486650600692e-03
2.629358936495051688e-03
2.564120124948120021e-03
2.542011853098737756e-03
2.534488849750513549e-03
2.459995155662803371e-03
2.413893363510302877e-03
2.394199881055299097e-03
2.360701010327967420e-03
2.323521132855701533e-03
2.278414369799777912e-03
2.243078113203126039e-03
2.197324761113653505e-03
2.166151907502138381e-03
2.163570346371096811e-03
2.126847876608997483e-03
2.099018198640289785e-03
2.045399401966609566e-03
2.041885765363790368e-03
2.031743103776435279e-03
1.988929060895555049e-03
1.981682105922373104e-03
1.949059500065264102e-03
1.922522169489375302e-03
1.881015876012188340e-03
1.877711887583222638e-03
1.846839895876597592e-03
1.827703189223483854e-03
1.809954528067113594e-03
1.796406507628060855e-03
1.776953956745446058e-03
1.764274455340542318e-03
1.760770495727936608e-03
1.742541287398506698e-03
1.711914131668184312e-03
1.694491699735730088e-03
1.683301334296227530e-03
1.674792066337492391e-03
1.662649823772864577e-03
1.653296292440829861e-03
1.635316362753073613e-03
1.628137436690272038e-03
1.618255867305971049e-03
1.591134544460061579e-03
1.583662801332619404e-03
1.566833831657408853e-03
1.555830381076319388e-03
1.551111445676936311e-03
1.540927023982870472e-03
1.524518874433093956e-03
1.513935880141739111e-03
1.486506313799649528e-03
1.484089691677922904e-03
1.470708566664271537e-03
1.463427638173792891e-03
1.444572382453371143e-03
1.442373969474563394e-03
1.425696698153033600e-03
1.417088707852622812e-03
1.401786470119096130e-03
1.397488931521062225e-03
1.379038058375351610e-03
1.363626154818687762e-03
1.351173621773781117e-03
1.346791915594225397e-03
1.339688665487001780e-03
1.328976999323820034e-03
1.317032120300507285e-03
1.309776626100215419e-03
1.305947600138572095e-03
