8.167635046167548429e-02
6.693446179838548338e-02
4.386548060730827842e-02
3.298035943649593738e-02
2.909440688266354963e-02
2.497830857879393407e-02
2.009420354948066034e-02
1.666460737031464495e-02
1.573105134921509371e-02
1.429204613783743687e-02
1.327820526527972653e-02
1.246677510487439501e-02
1.104284887081302333e-02
1.048162405790651133e-02
9.283789774212600904e-03
9.085675590813548780e-03
8.622033883213061148e-03
8.239597486166216206e-03
7.809078658892403858e-03
6.980181309747196007e-03
6.816245491221568920e-03
6.617298428969788267e-03
6.304554467457458566e-03
6.289507908062946621e-03
6.061949400327361175e-03
5.637590612077422215e-03
5.338692768153746257e-03
5.261316457183372146e-03
5.226190620440861363e-03
5.014394111049829197e-03
4.860160282870622413e-03
4.746361655047774859e-03
4.630793464748816923e-03
4.468029728692155325e-03
4.331322285951262965e-03
4.224978137700523620e-03
4.173456627733293164e-03
4.106251551104724354e-03
4.000977520433966067e-03
3.969661134022221469e-03
3.835383550535234956e-03
3.780962483415446686e-03
3.746579543672717838e-03
3.675201419735067351e-03
3.605506676701464037e-03
3.588428082417939070e-03
3.490477045955787862e-03
3.440801774074339625e-03
3.401524304623464862e-03
3.358625473131901778e-03
3.317034699535818115e-03
3.254578915587010447e-03
3.196015190314897923e-03
3.162462549383604146e-03
3.150811243482572535e-03
3.105679075048740738e-03
3.060204834101475785e-03
2.997114819560356587e-03
2.969712559302795270e-03
2.934332257295532969e-03
2.904138300911269979e-03
2.879873278557718366e-03
2.851079879073657470e-03
2.835411864799460262e-03
2.768191244726721668e-03
2.753994189547847964e-03
2.710941428598698764e-03
2.682022447460235149e-03
2.663867021043948586e-03
2.659551273568129103e-03
2.632691669768418615e-03
2.569260403938883938e-03
2.538442518618986860e-03
2.537243623337736686e-03
2.508441718083765769e-03
2.489319079725090932e-03
2.477944813886410243e-03
2.457765593775848578e-03
2.442247124989804351e-03
2.436293409537231783e-03
2.402603664123465974e-03
2.378551699456355265e-03
2.339540905681796248e-03
2.320678528712654017e-03
2.294643733867203408e-03
2.290637546310136333e-03
2.271624834999884206e-03
2.264456745768822325e-03
2.249486223993409952e-03
2.228180111426832782e-03
2.212335809080346726e-03
2.204720161697260039e-03
2.177003571854800763e-03
2.167757519553107325e-03
2.132887713254377846e-03
2.105056749077618625e-03
2.096368239854027194e-03
2.083108540827137596e-03
2.069154641675044395e-03
2.047296667126770591e-03
