9.791290262298135705e-02
6.859020769720150512e-02
4.433120890991083113e-02
2.857269478469726467e-02
2.203028370004682726e-02
2.071519061039758802e-02
1.510796094938991578e-02
1.268218231365195875e-02
1.089586426026512879e-02
9.783480415657420590e-03
8.912625784728260211e-03
8.710856402023181566e-03
6.942656555602172951e-03
6.120471757428013262e-03
5.993249490487046784e-03
5.427271339274101006e-03
4.981585288718244804e-03
4.660648806043454946e-03
4.415271460967731126e-03
3.912863383433395209e-03
3.705345703316390016e-03
3.619296562545835580e-03
3.311014382657587185e-03
3.250628634301931490e-03
3.243047913762656456e-03
3.026252074538776302e-03
2.995812500959657045e-03
2.936633260346810641e-03
2.866019597926690830e-03
2.778418063952035888e-03
2.640324373012971956e-03
2.547554464256318769e-03
2.525510742170094386e-03
2.437366155102583826e-03
2.268365396076914807e-03
2.249776484761557491e-03
2.221280134769550944e-03
2.178427709308734719e-03
2.134196636197563043e-03
2.100564651002544050e-03
2.038345038565632459e-03
1.985578643531263430e-03
1.972825189008036752e-03
1.954038747517674885e-03
1.918601696017959660e-03
1.890904095533667891e-03
1.849814910610518169e-03
1.821310109423210323e-03
1.794463688975318468e-03
1.767665043134723519e-03
1.737846437244730579e-03
1.710060683411575603e-03
1.705411650106184590e-03
1.673552006886384717e-03
1.668221318383647251e-03
1.650518937447806138e-03
1.621224999633093201e-03
1.611541814179180210e-03
1.602361560544362726e-03
1.590636218335166876e-03
1.568761565773853662e-03
1.547924283977475000e-03
1.535211100846252006e-03
1.528346927730622447e-03
1.507473553632883954e-03
1.493457843143357767e-03
1.485564894709693901e-03
1.472882059145204153e-03
1.465629957994816048e-03
1.447136389608489910e-03
1.439552551544533545e-03
1.424919096050500421e-03
1.411825066553797428e-03
1.394478470540841744e-03
1.385200896931426976e-03
1.377580300600146765e-03
1.361752598984319754e-03
1.348314428617543781e-03
1.343172091586295304e-03
1.331581583335240656e-03
1.320976631602179376e-03
1.311337208969105134e-03
1.305017912739490872e-03
1.294876968464560209e-03
1.292059956176248772e-03
1.278184460627571160e-03
1.272856062990050836e-03
1.261420856655387545e-03
1.256389066289449307e-03
1.239742147879862493e-03
1.235481406647901629e-03
1.223895499913661266e-03
1.210470835446882196e-03
1.203458257293167589e-03
1.181863846660469175e-03
1.181183848432100546e-03
1.175808404613695821e-03
1.166320825934551208e-03
1.161587612538863114e-03
1.153715587210481014e-03
