3.862734932928557630e-02
1.829833732381671782e-02
1.203671033197054561e-02
9.638068566159707293e-03
7.510679043818171453e-03
5.707365288345936372e-03
5.223068772289903884e-03
4.924149785820898864e-03
4.061112850624239851e-03
3.732530475719277301e-03
3.549730142707664769e-03
3.154001673307833559e-03
3.050972906011426358e-03
3.000806995517568947e-03
2.919022935472951122e-03
2.651850317153021594e-03
2.432633643117112533e-03
2.371253534383130444e-03
2.329800725409933871e-03
2.161845192119445265e-03
2.067477751280155998e-03
1.967218822751888065e-03
1.902386159543186005e-03
1.887142995576871884e-03
1.836091847276618205e-03
1.807984942433419392e-03
1.709980383493046397e-03
1.687338517331187469e-03
1.675855834775127028e-03
1.631514816877012788e-03
1.594225589046222502e-03
1.515264759132794493e-03
1.477868412018576395e-03
1.468341433447213195e-03
1.446659720450368947e-03
1.431878434388981743e-03
1.423647924661092809e-03
1.349009977464894804e-03
1.322924305139386910e-03
1.301622574736395086e-03
1.273299319263298179e-03
1.255392729981055777e-03
1.243183463023352000e-03
1.222979234984371060e-03
1.204388041366696339e-03
1.198608839025038560e-03
1.166974007423904466e-03
1.143467319369549694e-03
1.135033396287303238e-03
1.118428611746761408e-03
1.102773266438031611e-03
1.087042828867602678e-03
1.062470375756493233e-03
1.043562578436030459e-03
1.038930984916342903e-03
1.034668422470999679e-03
1.013002307890504368e-03
1.000100735743706488e-03
9.868052701632729334e-04
9.814415887189279885e-04
9.719800096069819862e-04
9.476309793251179404e-04
9.447542893741569213e-04
9.328288871287501467e-04
9.248611760921672358e-04
9.196769543124447364e-04
9.058456043953818987e-04
8.941580070444794066e-04
8.812808320225535208e-04
8.765268770493194308e-04
8.690184411954244258e-04
8.535452776775113428e-04
8.508260695725655383e-04
8.385233223514649463e-04
8.280806463446196714e-04
8.212103105768028344e-04
8.073761895621073877e-04
8.012582964190648627e-04
7.927045986553136678e-04
7.890722885415467043e-04
7.819999236279852025e-04
7.775719560818380614e-04
7.686142863097681407e-04
7.648494299495457553e-04
7.586396874584744494e-04
7.530148560135973375e-04
7.483905669365607761e-04
7.438577593161920659e-04
7.264985211286799317e-04
7.250341970911650547e-04
7.150882494378007180e-04
7.070028072160190486e-04
7.056955794203075222e-04
7.011019538096708746e-04
6.951711207105867787e-04
6.912508525841463188e-04
6.858768495861283137e-04
6.764093420557516648e-04
6.699937013941918793e-04
6.662735937360466515e-04
6.575093860747413185e-04
6.531476976507250313e-04
6.486356813429857739e-04
6.454095304827126619e-04
6.357285696736450714e-04
6.347131737341708954e-04
6.304654280855370458e-04
6.254974719023775583e-04
6.206923182687641531e-04
6.175689517264662792e-04
6.105566517698273995e-04
6.062415548715310853e-04
6.011840896551644189e-04
5.935097209332029864e-04
5.885127976762327033e-04
5.867956744899262408e-04
5.853624007245096430e-04
5.822314422807567261e-04
5.734048351274845419e-04
5.712350455803400819e-04
5.678008059022487215e-04
5.573743988277151231e-04
5.526461281978350048e-04
5.485204899280830609e-04
5.466531403903801198e-04
5.437681870208763537e-04
5.413214810900758610e-04
5.375777862456336152e-04
5.349969457532590582e-04
5.287399698190668176e-04
5.268274473048277290e-04
5.247231161526923334e-04
5.203052926427880268e-04
5.162832073881721499e-04
5.138404060041413309e-04
5.099082820321287684e-04
5.063875579286127764e-04
5.046701856649694331e-04
5.036248415471812666e-04
4.947536424273196861e-04
4.919130387077228633e-04
4.899483793904126734e-04
4.860010231004785724e-04
4.847545401256236441e-04
4.789843689009683735e-04
4.772336405914398409e-04
4.735803846320394100e-04
4.704768848159501630e-04
4.680309848297482182e-04
4.664061117421478627e-04
4.621446840425428226e-04
4.583233171237516388e-04
4.571541373850899386e-04
4.559581422200581187e-04
4.512128287915272585e-04
4.479359144769124346e-04
4.453083919695699196e-04
4.439232931314652662e-04
4.399509657172567464e-04
4.378377428769687101e-04
4.367572941282704246e-04
4.352959018819986471e-04
4.329454796476960281e-04
4.304722903951252585e-04
4.270003555963776723e-04
4.249986209278482541e-04
4.217840293187332854e-04
4.193775119793422966e-04
4.182355305469475032e-04
4.139777585606489708e-04
4.134285050536583728e-04
4.122041793656872869e-04
4.081121404780457796e-04
4.047805295597478158e-04
4.003865229999243724e-04
3.998214070998521667e-04
3.984624560142949364e-04
3.968052321693262105e-04
3.954592763986436335e-04
3.937907467391213662e-04
3.878559592922191119e-04
3.867693945186373460e-04
3.833345760487117553e-04
3.807320439710441991e-04
3.779295028864355574e-04
3.774830910068067633e-04
3.770079753194922195e-04
3.751975801753072303e-04
3.717111974050017883e-04
3.706195313091018408e-04
3.666225390015102957e-04
3.655984139523948419e-04
3.627388542058778884e-04
3.600656512120486031e-04
3.594795454217053097e-04
3.590896384239870604e-04
3.565150534293278135e-04
3.549796564826889064e-04
3.532258691416139112e-04
3.515496777673089560e-04
3.482222874453791590e-04
3.469528107974182807e-04
3.459672194671582898e-04
3.401791142467034844e-04
3.391878038486924340e-04
3.383521547742562798e-04
3.377141000999596518e-04
3.360362870287795481e-04
3.343696626367352468e-04
3.321298910728503985e-04
3.292078614169995066e-04
3.266681573554544148e-04
3.249502908690428925e-04
3.231290983599418979e-04
3.207818566270731128e-04
3.198683476224434795e-04
3.178226015693753079e-04
3.155133187077973082e-04
3.139188200337753661e-04
3.110361022619995358e-04
3.085394744999417067e-04
3.067120222165858304e-04
3.059298999277313791e-04
3.049309012423163131e-04
3.040282590522771036e-04
3.023525393955283323e-04
3.019819099663670629e-04
2.996169993038107606e-04
2.985635946644521824e-04
2.971309830365760738e-04
2.947090969746034642e-04
2.917424671797235088e-04
2.911727366942757560e-04
2.885309549359659181e-04
2.871110135680977047e-04
2.861789929409532516e-04
2.852630114415447156e-04
2.846386162969042244e-04
2.819552155019485547e-04
2.807285888122261898e-04
2.798286835153453210e-04
2.784668396822271240e-04
2.768714267198002141e-04
2.755220499961218757e-04
2.733584287648631534e-04
2.714056775160175804e-04
2.700970677880791451e-04
2.693483649334940514e-04
2.674311814664774730e-04
2.665225622726136623e-04
2.636661832442948120e-04
2.630276516523271930e-04
2.603343853085342426e-04
2.601344243117695038e-04
2.595603488346516366e-04
2.573029204643079073e-04
2.563079070291102916e-04
2.541462984493958552e-04
2.528689563886427115e-04
2.524126044610194137e-04
2.511234163182635691e-04
2.490658065371029206e-04
2.478761218656180300e-04
2.461462552812916410e-04
2.452604922193893995e-04
2.439735882805957627e-04
2.412072413243554199e-04
2.397928592915095673e-04
2.382362876429845863e-04
2.369010545039496670e-04
2.364388258344144453e-04
2.361033594691751693e-04
2.349883748693479865e-04
2.336474443852857793e-04
2.316687551232291420e-04
2.304947516982169971e-04
2.302377252692378127e-04
2.284099908912450342e-04
2.271797523397064988e-04
2.260104176684971588e-04
2.253024174171982239e-04
2.231264739772642885e-04
2.225055150330378768e-04
2.215015838185155101e-04
2.200998016985046687e-04
2.187557644795596278e-04
2.171669548082761725e-04
2.151697444844602447e-04
2.148419847863902233e-04
2.145151705413088329e-04
2.120180008280182250e-04
2.110130110673450051e-04
2.101679325975716053e-04
2.090961225273101618e-04
2.085229171531099621e-04
2.076829293464240844e-04
2.059201562007351605e-04
2.057346947400484822e-04
2.032934658867710629e-04
2.028328255404443124e-04
2.014158606916284099e-04
2.000558805948470496e-04
1.987552641940425148e-04
1.982719420484355425e-04
1.968454305693879676e-04
1.958213545058239418e-04
1.944324235136419871e-04
1.941322295243950590e-04
1.919649928783311813e-04
1.905863668479712114e-04
1.891759378276761442e-04
1.888425583369630271e-04
1.870006785376470413e-04
1.864183769503673397e-04
1.858114478534204732e-04
1.847733527212633037e-04
1.834695421659649970e-04
1.831083596353650766e-04
1.822378656653013743e-04
1.819295261480583621e-04
1.804356685118358979e-04
1.795532427168320864e-04
1.788585751216886365e-04
1.782038058648923286e-04
1.774332840232856103e-04
1.757544181234583537e-04
1.747783057511011673e-04
1.738195227252045899e-04
1.729362369193761251e-04
1.726702932382439474e-04
1.714349246201468170e-04
1.712916604598032049e-04
1.710001104495268397e-04
1.696493144971645997e-04
1.687703222564568425e-04
1.679822567055752321e-04
1.677056367547028468e-04
1.672667634291104093e-04
1.660973506708146575e-04
1.651856494516898400e-04
1.644562418704446243e-04
1.634513780864573830e-04
1.630661967675887817e-04
1.623312596789552203e-04
1.620752016408769786e-04
1.618038163356134420e-04
1.608202381921140583e-04
1.598710764297556328e-04
1.595396562486073137e-04
1.593776927774117605e-04
1.588513290243430095e-04
1.582456299463140255e-04
1.581428691330669534e-04
1.572560399520673299e-04
1.569765991075564482e-04
1.560515822615211033e-04
1.555230637416310545e-04
1.549666435115862014e-04
1.546806061245387196e-04
1.538663225923307307e-04
1.535558308117970067e-04
1.527829558694474119e-04
1.525020878988855692e-04
1.518061791711877500e-04
1.510921404761084706e-04
1.508471209571378207e-04
1.504009624141971883e-04
1.502505054831456495e-04
1.499900505209969103e-04
1.494190908006717779e-04
1.488570031800599629e-04
1.488096692781116549e-04
1.481458411370185154e-04
1.478639184061204717e-04
1.474903644671260612e-04
1.469744643049369654e-04
1.469297686772643797e-04
1.462104773939007756e-04
1.456962373257307997e-04
1.454800152566501604e-04
1.452336696588817425e-04
1.448232711033498445e-04
1.444400723117310044e-04
1.443262549841015281e-04
1.438542751804593742e-04
1.432018511012578569e-04
1.431857655967216448e-04
1.427733971858884642e-04
1.420889911776790620e-04
1.417621828051774649e-04
1.415308917688547327e-04
1.413226636228659557e-04
1.407594110776545944e-04
1.406353985256167068e-04
1.401460827218589406e-04
1.399946034895174481e-04
1.397032428424246908e-04
1.389180353993115478e-04
1.386591519846624738e-04
1.385120646819267844e-04
1.382945074846025598e-04
1.380523933103844770e-04
1.373738017530745897e-04
1.371252257507793297e-04
1.369322499821116806e-04
1.367502298448424218e-04
1.364200960405651203e-04
1.361854344006455662e-04
1.357769578135732962e-04
1.355830856555034075e-04
1.355178299466160813e-04
1.350745784748410823e-04
1.347428030709596448e-04
1.344467070928064597e-04
1.342999869699451122e-04
1.339051091683718245e-04
1.336291671395214520e-04
1.334280347848395838e-04
1.329549884854831516e-04
1.325048707326847704e-04
1.324638354184279126e-04
1.321691974676214793e-04
1.319107236906900320e-04
1.317892441344348307e-04
1.315762520165933598e-04
1.311938692360822985e-04
1.309820415306812383e-04
1.308641980236034143e-04
1.307081537978572853e-04
1.304558133002733434e-04
1.300632434339858918e-04
1.299543257914845523e-04
1.297216812869339997e-04
1.295610193986969653e-04
1.295004964203443694e-04
1.289376216607671642e-04
1.287306814906602319e-04
1.286313395297686486e-04
1.283799641275371636e-04
1.282397592094975866e-04
1.280771584112701451e-04
1.279880966873988321e-04
1.276546120066248974e-04
1.273894395715111040e-04
1.271390138364754396e-04
1.270163089820316971e-04
1.268525327704072430e-04
1.266140314777516299e-04
1.265247321649357591e-04
1.260826604694345588e-04
1.259970812424831253e-04
1.256589920322320319e-04
1.256248540794362319e-04
1.253417487637265362e-04
1.249788498153000616e-04
1.249399862068368888e-04
1.247156947638580315e-04
1.244998306243440744e-04
1.243189841203090867e-04
1.241535681056964125e-04
1.240368132226782197e-04
1.239665375565436156e-04
1.236723854915979437e-04
1.234641734862930082e-04
1.233310446502336130e-04
1.231729452673773991e-04
1.229456874372980406e-04
1.229213410152563005e-04
1.226405290078903950e-04
1.225433280567964317e-04
1.223633119892069104e-04
1.221067958651462192e-04
1.219014207456949007e-04
1.217852001777399579e-04
1.215334497225462073e-04
1.211191900843026854e-04
1.210030171501680655e-04
1.208506405325641871e-04
1.205672185553874104e-04
1.204167929061730318e-04
1.202577527540782382e-04
1.199919162029308755e-04
1.199743937229754060e-04
1.196880865803706364e-04
1.196330775673356769e-04
1.195579257439282863e-04
1.193569047230914882e-04
1.192041067130537640e-04
1.191042266778811538e-04
1.188911535106112159e-04
1.187480325860579115e-04
1.186376577854355050e-04
1.185048661690036301e-04
1.183950356585298743e-04
1.182204472654665420e-04
1.180477269890933448e-04
1.177658031055436644e-04
1.177106416671784399e-04
1.175980167814386329e-04
1.174853749066927309e-04
