4.287274891186181047e-02
2.315846833296370672e-02
1.354912815241840832e-02
9.986047194588263537e-03
8.354727912275957194e-03
6.477145575490352546e-03
6.008187405328798206e-03
5.729170825044179252e-03
4.599765533567865688e-03
4.299246761178243323e-03
3.878195758240241073e-03
3.536835787947176582e-03
3.406052710254825998e-03
3.349933820813334653e-03
3.093418126849529267e-03
2.966424326259297847e-03
2.697603013517777849e-03
2.526895999736251605e-03
2.436543830319579367e-03
2.360047123117095611e-03
2.280654798197743593e-03
2.139285708256883148e-03
2.111351984879720339e-03
2.045084722047431358e-03
2.041877304321232378e-03
1.950450397616554756e-03
1.847230571862738639e-03
1.825761739566099081e-03
1.809254406174646808e-03
1.762723197930926968e-03
1.717640838176002441e-03
1.647255116673626086e-03
1.643069254174446287e-03
1.590763010839715006e-03
1.574826261803986350e-03
1.522821632446860881e-03
1.503118997608678727e-03
1.487149758689385948e-03
1.430934206140519610e-03
1.420221531526235726e-03
1.379282644465443372e-03
1.361038847095741603e-03
1.353562574255896952e-03
1.341370597659753000e-03
1.316550828381174735e-03
1.288966141913076022e-03
1.263574904972943969e-03
1.254863510144323211e-03
1.238496556623746398e-03
1.230306876285601828e-03
1.196940417684126071e-03
1.178854654360510235e-03
1.167176917591522534e-03
1.151562033796531834e-03
1.145494055758797258e-03
1.134994682927226769e-03
1.123184393246026182e-03
1.118476940091150734e-03
1.093465607094374400e-03
1.088432539262998693e-03
1.084128773268473300e-03
1.055027149242435298e-03
1.040680473351271148e-03
1.035133568142928250e-03
1.026901765430855403e-03
1.018323587783210573e-03
9.929258228446135974e-04
9.892743420328027441e-04
9.766983642217699508e-04
9.670543211587950480e-04
9.663919192942466672e-04
9.498652740922057872e-04
9.359049665653624596e-04
9.328759300776618075e-04
9.178795303849912688e-04
9.056942514161535947e-04
8.901640691180976762e-04
8.863984099463506757e-04
8.776192888139842854e-04
8.756913735710186849e-04
8.750413132315196197e-04
8.578645602245509516e-04
8.528447013053449145e-04
8.488534937682595686e-04
8.435229574175471309e-04
8.398211333328142259e-04
8.332280277694720369e-04
8.289562012324903570e-04
8.157890457705628279e-04
8.053207312245935648e-04
8.007063551897074943e-04
7.942074222351497379e-04
7.914991875839757834e-04
7.856904833611898535e-04
7.738953587931658891e-04
7.683940617769988157e-04
7.659949376059482697e-04
7.630567740564490583e-04
7.559189360513546545e-04
7.470065427393598936e-04
7.426991432115809255e-04
7.366742781829955069e-04
7.334657727841401584e-04
7.290848262807513545e-04
7.248040049504859928e-04
7.201325041804834508e-04
7.123315625056180064e-04
7.077481239341796649e-04
6.969910332550093100e-04
6.888968882963190281e-04
6.851456627965919841e-04
6.826290644603830214e-04
6.769932755483219810e-04
6.727304332049641612e-04
6.717858177499395336e-04
6.671802145495048632e-04
6.606523680139846999e-04
6.581726798108294280e-04
6.546823378219824826e-04
6.482263193575244853e-04
6.455501665131064149e-04
6.424521949754141313e-04
6.381097288111421727e-04
6.349046153840139746e-04
6.293178493639626321e-04
6.268043296546135139e-04
6.220866486332486678e-04
6.193286489676165605e-04
6.153802259973024762e-04
6.080379182787520485e-04
6.051773004184233563e-04
6.013824253388365491e-04
5.987588237662030532e-04
5.943916882287227045e-04
5.905606149760295838e-04
5.847264296859670763e-04
5.795559862792949322e-04
5.770074400747430719e-04
5.750838593537748768e-04
5.708978542193039133e-04
5.671037076395295555e-04
5.643598705545165581e-04
5.633770044089281889e-04
5.610255035330968809e-04
5.582789952138264393e-04
5.545987307563311026e-04
5.519452248033327162e-04
5.466768350435002302e-04
5.443904199901734549e-04
5.415741702629325123e-04
5.387129382354381279e-04
5.335792655121638587e-04
5.299946773690817183e-04
5.284238226365844818e-04
5.270383316472733014e-04
5.237947701075963518e-04
5.218403452049351441e-04
5.171087453743865173e-04
5.145333930724093263e-04
5.109773753906079454e-04
5.077032946105155360e-04
5.053580213516834646e-04
5.030473760518715644e-04
5.010698782289160595e-04
4.975419766365851877e-04
4.954937431159323492e-04
4.920277326422833452e-04
4.914795701669718653e-04
4.892417317753915444e-04
4.865978268338577457e-04
4.827315412278288540e-04
4.822761682958546983e-04
4.805928540798843534e-04
4.791790687019384398e-04
4.744687205702507364e-04
4.712993661378766380e-04
4.710656823522006795e-04
4.692234068471133482e-04
4.632802282376493708e-04
4.620482690028587846e-04
4.583802493563961938e-04
4.573182413986310799e-04
4.535863737599505241e-04
4.523576350442908814e-04
4.502426688904874355e-04
4.485592380789659513e-04
4.472697381251771668e-04
4.457929226769481680e-04
4.432866445645255982e-04
4.402983539705559285e-04
4.395474233638243969e-04
4.365750000382263938e-04
4.355166760430848440e-04
4.333433575381238239e-04
4.310491549926029255e-04
4.288164124426329933e-04
4.262173799622254763e-04
4.245396455388585153e-04
4.227746433205489601e-04
4.210312471876401902e-04
4.197203369601245162e-04
4.165347930731931429e-04
4.155568759144622490e-04
4.142817776535820049e-04
4.127319740452809046e-04
4.082486804639986772e-04
4.067065992592813089e-04
4.061963867640300892e-04
4.045351616860959104e-04
4.024628419047424511e-04
4.013323233786109025e-04
3.987083427649014281e-04
3.961226338991284462e-04
3.953766041315700912e-04
3.919843397546406605e-04
3.910573585438067794e-04
3.893396321861035902e-04
3.864950285662808430e-04
3.855239502680435902e-04
3.840495750425668630e-04
3.834515471258463496e-04
3.808757795036098008e-04
3.795712388440185530e-04
3.782862028620951537e-04
3.759934867604327181e-04
3.735626983688568564e-04
3.728950709643820351e-04
3.707233505405605487e-04
3.699016148198002764e-04
3.682893733509919922e-04
3.662279097611605594e-04
3.649321087297118611e-04
3.635113213846941495e-04
3.612547996849162484e-04
3.589563541503287564e-04
3.584892618002680719e-04
3.570682597220206276e-04
3.563327194976234841e-04
3.540661614789158453e-04
3.531304116562098815e-04
3.505854273221522101e-04
3.488612410835078182e-04
3.463552674248548979e-04
3.444672611374417423e-04
3.439201002739263697e-04
3.422341948367273894e-04
3.412216511875260528e-04
3.395723597328542979e-04
3.385614499494128248e-04
3.368290044587137497e-04
3.347766905157159036e-04
3.344231221659059515e-04
3.326895805288936732e-04
3.312750322566318430e-04
3.298325357590170212e-04
3.283101826294878190e-04
3.280137277034092416e-04
3.259858342220460330e-04
3.257436617798563122e-04
3.230037632631879338e-04
3.218575734513173477e-04
3.206946565781778431e-04
3.189003725243778268e-04
3.183616355358566581e-04
3.173346470418277857e-04
3.161011195116668403e-04
3.142044756011072191e-04
3.134646367752727081e-04
3.116549532684295470e-04
3.104814802567541624e-04
3.099064850841172264e-04
3.085264075141409151e-04
3.063538603831090904e-04
3.051910326008778476e-04
3.047832098673910832e-04
3.029408331454866519e-04
3.022099210076607681e-04
3.015020578226629321e-04
2.995133371393451992e-04
2.982071153965362253e-04
2.966232968728938716e-04
2.964974625054329904e-04
2.956423820275672814e-04
2.948846017678278197e-04
2.937095359561417342e-04
2.915870813814659636e-04
2.908623662391320876e-04
2.891302373801722865e-04
2.889128513237654446e-04
2.873874898618604986e-04
2.867367299660386788e-04
2.862486029196369738e-04
2.833103367210126683e-04
2.830527479903216449e-04
2.825164761119651371e-04
2.816979710513133300e-04
2.807507339778134983e-04
2.801589482773929394e-04
2.793300967569942324e-04
2.778732755214116082e-04
2.773249932163176926e-04
2.765071980455368933e-04
2.754567627675434498e-04
2.735591444998634512e-04
2.728489635690338759e-04
2.722836736973572951e-04
2.709779948261059786e-04
2.700538871415613003e-04
2.694631904656966050e-04
2.687406919841695691e-04
2.671424003141601279e-04
2.667114556666503960e-04
2.653458958443902075e-04
2.639930863425425092e-04
2.633281291095420783e-04
2.628856682389802920e-04
2.615078764480656686e-04
2.609489986672528937e-04
2.604244628664623205e-04
2.590463904348045223e-04
2.579659208377182793e-04
2.572759954976157706e-04
2.566179140486040040e-04
2.560234245804231452e-04
2.545500354733509080e-04
2.540294136004926304e-04
2.531643897643455856e-04
2.520865485201372958e-04
2.514594126131913820e-04
2.508197983712222670e-04
2.504127271053622887e-04
2.492525980662419209e-04
2.486201374859534638e-04
2.476190638537426893e-04
2.473312404478421865e-04
2.462451089719780049e-04
2.454740458593828345e-04
2.448035983764737847e-04
2.434430876897063060e-04
2.432616429947090050e-04
2.425534594496175998e-04
2.418908641048090854e-04
2.415561601453688654e-04
2.404697630212704795e-04
2.401485846738198352e-04
2.389055104205161598e-04
2.386917495416474944e-04
2.379157428715292938e-04
2.375721457234158864e-04
2.368591681911947668e-04
2.358170139155666789e-04
2.354734224845175447e-04
2.347982823224099272e-04
2.341360155231881181e-04
2.328698956215339633e-04
2.323650555807160300e-04
2.322518225387121325e-04
2.312473162331006495e-04
2.310077517173273886e-04
2.306739690456722429e-04
2.300999559691661801e-04
2.297151113248045099e-04
2.290246308982281452e-04
2.280135055082540174e-04
2.279350505239151217e-04
2.272020216916296911e-04
2.264303397048616107e-04
2.261710280983621787e-04
2.251685075064536741e-04
2.246975015960319018e-04
2.245079981320715528e-04
2.236517573646778936e-04
2.227265799678691349e-04
2.223053895574866716e-04
2.219291755832715506e-04
2.216711566443521110e-04
2.209325051580260781e-04
2.197591391531959727e-04
2.192924133220586268e-04
2.188647492560316047e-04
2.186675982686425517e-04
2.183680400471816154e-04
2.177585805691882354e-04
2.174041501429587559e-04
2.170153720227991311e-04
2.166382051715031408e-04
2.156775004636438630e-04
2.154797786318406996e-04
2.149296507752779467e-04
2.144813351504500445e-04
2.135822607547492840e-04
2.132410038697327137e-04
2.129837770354989636e-04
2.126154375545116217e-04
2.122041728339161680e-04
2.113085326639860837e-04
2.109002197618556080e-04
2.107792829070516763e-04
2.104587227807044924e-04
2.099394216436723123e-04
2.094008247651955596e-04
2.093277396996510694e-04
2.090422690030151708e-04
2.081337229693109312e-04
2.078006816957516691e-04
2.073813964893066360e-04
2.069264365676026969e-04
2.065380573688827904e-04
2.064124356496182969e-04
2.061151590889610135e-04
2.057183884574085447e-04
2.048457894895072651e-04
2.045996183624611948e-04
2.044302887685134069e-04
2.038416481013864028e-04
2.034894605556953359e-04
2.033342154026816144e-04
2.028738313039098857e-04
2.026876643424462140e-04
2.024434452115029040e-04
2.015001071866507688e-04
2.010126497509955262e-04
2.005818888384009889e-04
2.005176476184133689e-04
1.999147330898630220e-04
1.996217074165896135e-04
1.993347647883075661e-04
1.991499251335883348e-04
1.985102857740829137e-04
1.980794197413084275e-04
1.977554178881287027e-04
1.976327761934647210e-04
1.973393531980998793e-04
1.971425350058038503e-04
1.963657137848116602e-04
1.958953555570311855e-04
1.957914502408185419e-04
1.957103634338671022e-04
1.952273988756270194e-04
1.951703546620422102e-04
1.946575672640025794e-04
1.943923015036853723e-04
1.940544469405272945e-04
1.936267101695682996e-04
1.932873573592131249e-04
1.931275891318900235e-04
1.926753085893576610e-04
1.924883662651672746e-04
1.921797763591398490e-04
1.918811366127852133e-04
1.914203387070848473e-04
1.912420388170743340e-04
1.909149880962892872e-04
1.905743494129642963e-04
1.903664181640891300e-04
1.898806802914423377e-04
1.897406022268805967e-04
1.894894259547074203e-04
1.890147769590060469e-04
1.888753897234459215e-04
1.884500085911371061e-04
1.879086013863079710e-04
1.877415467372965262e-04
1.873646399395327382e-04
1.872382051577915242e-04
1.868884792107550522e-04
1.866947592596092300e-04
1.862874605682273961e-04
1.859248193373657125e-04
1.855982619270135333e-04
1.855098578071422014e-04
1.850873224814394318e-04
1.848710057144665781e-04
1.846966886855543662e-04
1.845132405415391612e-04
1.842622789684355427e-04
1.840317190179326773e-04
1.839625674023746219e-04
1.837090569451684961e-04
1.834666462216129996e-04
1.832750426424577304e-04
1.829981064037122557e-04
1.828192518059557515e-04
1.824618091258478657e-04
1.822558900571588441e-04
1.820694587751658954e-04
1.819236849024791994e-04
1.814547258500677149e-04
1.811583142566656145e-04
1.810219119212492752e-04
1.806023967256204302e-04
1.805463505137818337e-04
1.802331809417680457e-04
1.800171726259928811e-04
1.797581868260269482e-04
1.794846332333394534e-04
1.794523885420016348e-04
1.790976902212705699e-04
1.785154782285084101e-04
1.784557183686390951e-04
