5.415564612166407638e-02
1.998970849786060877e-02
1.305353475454486614e-02
8.381804924226741657e-03
6.517169190763717930e-03
5.368785004875686710e-03
5.051326710067085939e-03
3.986163747176506462e-03
3.423866465316931489e-03
3.181188314805964441e-03
2.880776906215568554e-03
2.615932214911877423e-03
2.293417403341106893e-03
2.175005748613490896e-03
2.063657634299167869e-03
1.857148496005528839e-03
1.737558424794796719e-03
1.695836123194595195e-03
1.591929999976483085e-03
1.507597756668651407e-03
1.478929896356818117e-03
1.380718327938332485e-03
1.352334751782401697e-03
1.321274284509791697e-03
1.261973636078943641e-03
1.239433070610299580e-03
1.194777452021604123e-03
1.155458137941338522e-03
1.141368333993592575e-03
1.108517534200542578e-03
1.085719210062407536e-03
1.061378926503739589e-03
1.045695767549120530e-03
1.014970970669534572e-03
1.005288350388798503e-03
9.888300939145193945e-04
9.644663627353961682e-04
9.436928860905815413e-04
9.366195754105701831e-04
9.214850134483559179e-04
8.935299068639721573e-04
8.899225522027130481e-04
8.787361864956336850e-04
8.653443898581612576e-04
8.505638004206942781e-04
8.410678400323764797e-04
8.344174995813264523e-04
8.263928764637273449e-04
8.169276754051439833e-04
8.085754273558390468e-04
7.817678457350214554e-04
7.685143132313025302e-04
7.678309066547361504e-04
7.564703370123842261e-04
7.378713239075893049e-04
7.343887991531492443e-04
7.307347675161679447e-04
7.131780221291322613e-04
7.072334989707510389e-04
7.005779106388687529e-04
6.917349334218366244e-04
6.865972588397943784e-04
6.794432230830222763e-04
6.720420856691206426e-04
6.691080040888002260e-04
6.605414303026999967e-04
6.505642981521051783e-04
6.444450630679790081e-04
6.382183452929160797e-04
6.347751826376177775e-04
6.189477169984109557e-04
6.148510844537809087e-04
6.097113040486151466e-04
6.044859973995407630e-04
5.990467601967676197e-04
5.955198241379347371e-04
5.934599776493681023e-04
5.815906721701133994e-04
5.769806320028045233e-04
5.758756675546514202e-04
5.746220552012286809e-04
5.647587321695700380e-04
5.594613482709099705e-04
5.528712010219526910e-04
5.511813061641663734e-04
5.441502468669007003e-04
5.376444960339630272e-04
5.311124439824597716e-04
5.268031531306792024e-04
5.237644524759035554e-04
5.201263621811889979e-04
5.156568701007902163e-04
5.118488367530938657e-04
5.047274427629675191e-04
5.015950060608666229e-04
4.989703370970001092e-04
4.985129927994037769e-04
4.954549408764011937e-04
4.931101213340949524e-04
4.925461897993341914e-04
