1.004691388503848176e-01
3.779564689380653097e-02
2.631772999893585221e-02
1.515184179396197872e-02
1.155977991186267657e-02
9.629340342344560807e-03
8.179952847890966522e-03
6.533918309491534501e-03
6.041527830638945308e-03
5.383146929504939275e-03
4.738642435230806631e-03
4.437958711464562271e-03
3.728343276175931798e-03
3.484512438310820737e-03
3.292699005130487674e-03
3.138187160199364806e-03
3.031462903041260652e-03
2.910068742488843008e-03
2.711312505676041415e-03
2.587672800334153613e-03
2.527321964792190925e-03
2.430962488438687119e-03
2.378193703422187919e-03
2.267102862851710227e-03
2.222251963284720827e-03
2.136148499770937348e-03
2.072877283325481011e-03
2.024838282726954420e-03
1.999122772668436923e-03
1.932461269748899767e-03
1.926707529113539383e-03
1.897246784170409598e-03
1.870069565609498718e-03
1.842317485829627179e-03
1.794009185630738917e-03
1.784264215469948556e-03
1.759280325964608822e-03
1.729330998203903492e-03
1.674640947963511317e-03
1.661324723109643608e-03
1.646661738622040485e-03
1.618579962426827234e-03
1.601581739029410726e-03
1.582953461412831562e-03
1.571377111225278223e-03
1.543994190141818011e-03
1.537173099203977900e-03
1.493864530560496057e-03
1.478016910406757325e-03
1.447783918086921820e-03
1.440212307990881022e-03
1.420589910960505476e-03
1.418050191893051922e-03
1.396879258681783418e-03
1.385238124804601774e-03
1.358257735173707369e-03
1.355668074984166640e-03
1.341652439817020296e-03
1.330634510044568022e-03
1.309696234929472094e-03
1.307518809401008158e-03
1.301686840901687073e-03
1.282101792072645654e-03
1.272277134865382143e-03
1.254254150988498399e-03
1.244621093491915824e-03
1.229390077664790307e-03
1.217746670899476835e-03
1.209231715732965147e-03
1.199389587831966187e-03
1.191414169494914863e-03
1.175614926353710276e-03
1.153189304451199271e-03
1.144642280433080155e-03
1.139028501970551542e-03
1.136310358856638166e-03
1.128340472893880333e-03
1.114108867646880063e-03
1.102960106833946905e-03
1.092381050142497484e-03
1.087102507083444192e-03
1.077454977538247006e-03
1.075504201482805613e-03
1.058570737030364254e-03
1.045767262426493911e-03
1.041915861514175132e-03
1.037937833353733737e-03
1.026907789795212383e-03
1.011845943402177057e-03
1.007243820915223716e-03
9.969169562142310946e-04
9.878576688790933601e-04
9.855300772850423847e-04
9.725760087617382494e-04
9.643709377988409544e-04
9.574122713118407655e-04
9.495025060075722861e-04
9.438734552160740580e-04
9.351122373698022953e-04
9.288389615839604332e-04
