4.110044709878973163e-02
2.068785448138238739e-02
1.291450530928669495e-02
9.925793691669735838e-03
8.013308248458387781e-03
6.100071325592067509e-03
5.620202005079761622e-03
5.295854484352013371e-03
4.354349474959454125e-03
4.006257779044164295e-03
3.737612735400946268e-03
3.308234837031516756e-03
3.247854536994770804e-03
3.201814560713575706e-03
3.050101746942398065e-03
2.805752629816391213e-03
2.565372421182230810e-03
2.487176424712356660e-03
2.417432618186846505e-03
2.279344548147071124e-03
2.185895264715418621e-03
2.067720837066369666e-03
2.010014804714885944e-03
1.990560386474841004e-03
1.939361679461019256e-03
1.881961019014107483e-03
1.795829051922257164e-03
1.757258979548938747e-03
1.755759762716781408e-03
1.719983616654495494e-03
1.674624461980916404e-03
1.593047229775997053e-03
1.571466533507831758e-03
1.531740109600626502e-03
1.520645804505318640e-03
1.490880801526964575e-03
1.485811296081260280e-03
1.424060269755506774e-03
1.382290946218855000e-03
1.370297279195161269e-03
1.332975224403046190e-03
1.310838577997180216e-03
1.297837808962479288e-03
1.284805385881638033e-03
1.271182083475730275e-03
1.256476973260052706e-03
1.224880844698424944e-03
1.204664500167730622e-03
1.198245713024093887e-03
1.179172417534920733e-03
1.160731264930352745e-03
1.134038375943699105e-03
1.123268230542604287e-03
1.098745125281509272e-03
1.088205553122319940e-03
1.084811805103250105e-03
1.079690068893654790e-03
1.058831191684866209e-03
1.045309936057893432e-03
1.042699571712713425e-03
1.033280197087231653e-03
1.000253509514022763e-03
9.976597688720187027e-04
9.839074589316220993e-04
9.812382989346770876e-04
9.714198866290224294e-04
9.602715447446369401e-04
9.418389132243727138e-04
9.338931794839838664e-04
9.264869901727972902e-04
9.185950404466516938e-04
9.088248183666691607e-04
9.025391073140697938e-04
8.839812395214210810e-04
8.789131947256436424e-04
8.607550990381577149e-04
8.549158440161521441e-04
8.500188247101388497e-04
8.394981449529443328e-04
8.360382578736174188e-04
8.270196094617113681e-04
8.209251790643663262e-04
8.150234174902211111e-04
8.114017371960580019e-04
8.034547981722082273e-04
7.975125432921254844e-04
7.903642232213608804e-04
7.814681996223514244e-04
7.728734143694440152e-04
7.657164515149689123e-04
7.576776529651157912e-04
7.560772249501370411e-04
7.514089624733796000e-04
7.406830539859939619e-04
7.364252543134034226e-04
7.344310193310145613e-04
7.266917269644159773e-04
7.173341013400781748e-04
7.166532133533125943e-04
7.075575546000413898e-04
7.041046804263424328e-04
6.986253835250371682e-04
6.913531610958529314e-04
6.856039119108300666e-04
6.763697002100041433e-04
6.758282360336576337e-04
6.721294594790755981e-04
6.620796926841554650e-04
6.586494457753943287e-04
6.552996240970747214e-04
6.486203835823643651e-04
6.449644032110034720e-04
6.401783514909963925e-04
6.339884393563617734e-04
6.299490649190247820e-04
6.262394425484991544e-04
6.219382457287494625e-04
6.212354097486602784e-04
6.140933749662844934e-04
6.093474966202594477e-04
6.053502089800520637e-04
5.964783076182701618e-04
5.948322639344329026e-04
5.864170182159160732e-04
5.854341667972176588e-04
5.829839193389640311e-04
5.807775583787388486e-04
5.744056455642265876e-04
5.712240802723824416e-04
5.677599392185079087e-04
5.672404920241125303e-04
5.631754718298689726e-04
5.598245372421919216e-04
5.553783329907228125e-04
5.457819162107837392e-04
5.447023214731366208e-04
5.421799028634596146e-04
5.373614037196435250e-04
5.353369272137508458e-04
5.335098463322053173e-04
5.299586329360605206e-04
5.276794565609127475e-04
5.240433878609397330e-04
5.207009690070148449e-04
5.161511437667573544e-04
5.152715134674681766e-04
5.097748534167488924e-04
5.062603612962077084e-04
5.047787321389001760e-04
5.001814782616534122e-04
4.966434116020682467e-04
4.927926565649968496e-04
4.901612752020473741e-04
4.889740014254225896e-04
4.861985221824747464e-04
4.832550247585584106e-04
4.819611546374127269e-04
4.761267871316164526e-04
4.719611057652030360e-04
4.709138672819433062e-04
4.702370465958218503e-04
4.669312639911868943e-04
4.652555867692659644e-04
4.629831103663751462e-04
4.617897382108432499e-04
4.573138864515576018e-04
4.551276130207884772e-04
4.536922989904360395e-04
4.529129601485663154e-04
4.475493599561772718e-04
4.454916090608298271e-04
4.421712696229013629e-04
4.413911879559514377e-04
4.373971594892400792e-04
4.337920720605854276e-04
4.329857178605726778e-04
4.313396091135062002e-04
4.298863293409824204e-04
4.283836607646072632e-04
4.236768962626351808e-04
4.217028565009420921e-04
4.197114117331701482e-04
4.174444915664135471e-04
4.148659839211263161e-04
4.122702458693800398e-04
4.094091822811278644e-04
4.084693276949687710e-04
4.052561842089802066e-04
4.016482977560374918e-04
4.010699487521908967e-04
3.964001991537902873e-04
3.956308006992853088e-04
3.938652603301553523e-04
3.934585784261584378e-04
3.917744105333761809e-04
3.895263191230197413e-04
3.880432026302041990e-04
3.853529608458526904e-04
3.834477304275079506e-04
3.813525654438759704e-04
3.798482928544226912e-04
3.762330880101842244e-04
3.743080072161918451e-04
3.727371400326290394e-04
3.718316960503190920e-04
3.688783618193277550e-04
3.678232659661317462e-04
3.672275795803026143e-04
3.647510137378662774e-04
3.643568098256256996e-04
3.606701929336268123e-04
3.561280241238425613e-04
3.543935563105006428e-04
3.531845542835911783e-04
3.523609008006534375e-04
3.509006326348744638e-04
3.488849954168236098e-04
3.479082693189162524e-04
3.455207696813976490e-04
3.435529523151080716e-04
3.395531081579910063e-04
3.387616265598313394e-04
3.370945225567252893e-04
3.369359576620925968e-04
3.333489841423769879e-04
3.327965847312601595e-04
3.320927244408693039e-04
3.303811254257208417e-04
3.286310866666214891e-04
3.272160919699437245e-04
3.243642193311945909e-04
3.238968477445716481e-04
3.213606279791758483e-04
3.201050655132682576e-04
3.175706324402847503e-04
3.170837315915986756e-04
3.139488592707515946e-04
3.134133756243950484e-04
3.129116634313609271e-04
3.102193398766045951e-04
3.089183549901105890e-04
3.066604538797271457e-04
3.053089949083440352e-04
3.046747728675087107e-04
3.028733739879853814e-04
3.025142598644269443e-04
2.994365440442837826e-04
2.984313794164781511e-04
2.974714610732119438e-04
2.961776352669150884e-04
2.946455175479968181e-04
2.927506210446600759e-04
2.909927679907859375e-04
2.892317728997020128e-04
2.881517341413803910e-04
2.870191346474503728e-04
2.861807830779226837e-04
2.844932993917226511e-04
2.822579687117458065e-04
2.806930935011332589e-04
2.797200129752085932e-04
2.791252948219866158e-04
2.777856923123935679e-04
2.764141397657255772e-04
2.741061039355274830e-04
2.734463829448262914e-04
2.712935729249422220e-04
2.699790545885580643e-04
2.689825454889469480e-04
2.681472953467572431e-04
2.658908878379744349e-04
2.640376607391606571e-04
2.624807493304249606e-04
2.616880070685913100e-04
2.609935995036269710e-04
2.600197350459007247e-04
2.587180398613582043e-04
2.582284674234317152e-04
2.575234798632360686e-04
2.555355940637298344e-04
2.554053334543577658e-04
2.539405805565842769e-04
2.526720326451407776e-04
2.509769522966993189e-04
2.503577970255296565e-04
2.479396567107683110e-04
2.474186311854103702e-04
2.457571023246152915e-04
2.451110351244969033e-04
2.437987298145568910e-04
2.428767290197470462e-04
2.417714400349705109e-04
2.415757260868279816e-04
2.405826869904580188e-04
2.387276119116519570e-04
2.373402555089593961e-04
2.371555321107912358e-04
2.362960574900813961e-04
2.347297806206136497e-04
2.336488319219418811e-04
2.320943227431457843e-04
2.312326419662685806e-04
2.304087943868256955e-04
2.289164470876599322e-04
2.279079826675883174e-04
2.263959500847538748e-04
2.253154526441940927e-04
2.245203770249311846e-04
2.232129518678456156e-04
2.219589649268545559e-04
2.208550849313546183e-04
2.203619003617533875e-04
2.191459974917299653e-04
2.181137192364729002e-04
2.171499148430590864e-04
2.165284008117640525e-04
2.155515744838440103e-04
2.144683160213868686e-04
2.139661259139356408e-04
2.128354192750549190e-04
2.121400467384914528e-04
2.112295171087305438e-04
2.095672671657293669e-04
2.092686016336547906e-04
2.083077322251072037e-04
2.075603500461607840e-04
2.070749353294126793e-04
2.059504508240397663e-04
2.051982936911629922e-04
2.042357270568540245e-04
2.039900551130131422e-04
2.029334878316920918e-04
2.024032480727638351e-04
2.017025528810898426e-04
2.009479455763603611e-04
1.995859743453224223e-04
1.992492734037921759e-04
1.984659670110570766e-04
1.977445188599599301e-04
1.972998818885907005e-04
1.965905685207257358e-04
1.959330571676072867e-04
1.948896613443393288e-04
1.938836516601858285e-04
1.926687651689387411e-04
1.918777331203885535e-04
1.913994778605067001e-04
1.907962718797250805e-04
1.899737682970925774e-04
1.898044564135268871e-04
1.894346268920610917e-04
1.893214790548806157e-04
1.885057856040714592e-04
1.876532649263722087e-04
1.874659336666591452e-04
1.868304364567968906e-04
1.859359783281833861e-04
1.858244637071500315e-04
1.844691034031519384e-04
1.838686285568915215e-04
1.838450995047677600e-04
1.835837770904144713e-04
1.827546763661911148e-04
1.823704253437145179e-04
1.823238974622940379e-04
1.816560629190339257e-04
1.812247671162907760e-04
1.800183797155689616e-04
1.799762735034086817e-04
1.794377467924806752e-04
1.790302889231270124e-04
1.782067923438690178e-04
1.778717101671656526e-04
1.775387099852388743e-04
1.771841610011494678e-04
1.766526462371721890e-04
1.757553383833130559e-04
1.754720871549137688e-04
1.752873789476761804e-04
1.748530716664733076e-04
1.745867966448862196e-04
1.742812270568163356e-04
1.739199828869910345e-04
1.734340841830587783e-04
1.727247634378135585e-04
1.722549429625780241e-04
1.716891188457478205e-04
1.715116560156478692e-04
1.712395002969462369e-04
1.706182593842803426e-04
1.701841673466160116e-04
1.699105569697944543e-04
1.697814749550315280e-04
1.694305923212916876e-04
1.688906215118794415e-04
1.683959236425990123e-04
1.680332794180972164e-04
1.673960084012390630e-04
1.670218133965763294e-04
1.665744137446469226e-04
1.661963375452173283e-04
1.657981232407339841e-04
1.650787779131759946e-04
1.648730713638832054e-04
1.646042893672312922e-04
1.644280471898866471e-04
1.641710544048125616e-04
1.638963989981066533e-04
1.637732953919235465e-04
1.635149469112228467e-04
1.633618951052295712e-04
1.625224383450854764e-04
1.624290999746165975e-04
1.620648311914140490e-04
1.615303133811831252e-04
1.611416677860024198e-04
1.609410574805714665e-04
1.607229872543682601e-04
1.606343359729672684e-04
1.601572077816147677e-04
1.597406078643082985e-04
1.592896928078735557e-04
1.591180154325731104e-04
1.589719249490751697e-04
1.587518331184977990e-04
1.582820055252580262e-04
1.580539602069100358e-04
1.576972319490406406e-04
1.574926638667324902e-04
1.571978769155679982e-04
1.568648476127574285e-04
1.565289253446994005e-04
1.562012190211704398e-04
1.560131117121005197e-04
1.559192816015134251e-04
1.556707964780165753e-04
1.553667292892707812e-04
1.551458353754122158e-04
1.549491458621334982e-04
1.547628356387801163e-04
1.546012928921785884e-04
1.544125456261892613e-04
1.540546311170569568e-04
1.538150524977375925e-04
1.536860474126895974e-04
1.530607547050703311e-04
1.528794722802241223e-04
1.527558938987125616e-04
1.523635745594319104e-04
1.522072386123201574e-04
1.518411644646759260e-04
1.517226189145492988e-04
1.512747255141662838e-04
1.508981708882081024e-04
1.507189599665981455e-04
1.504652493306082059e-04
1.502716862621474763e-04
1.500510930949688578e-04
1.498012095900884736e-04
1.494618977847295182e-04
1.494378983185214161e-04
1.493193048616053592e-04
1.489313600724614993e-04
1.486978549985973287e-04
1.484274196027672934e-04
1.482875081374651681e-04
1.479831193594716024e-04
1.477728539543706843e-04
1.476077782418106876e-04
1.473871208696974060e-04
1.471533297432879779e-04
1.470886418168336192e-04
1.466257206545002942e-04
1.463195046134739780e-04
1.462361598509969959e-04
1.459236655044852113e-04
1.457398066140918799e-04
1.455339697350689285e-04
1.452764519613750191e-04
1.452119247024141302e-04
1.448421273857283017e-04
1.446828979276896761e-04
1.446179083422963869e-04
1.443003460924068330e-04
1.442067599598351819e-04
1.439697870185291807e-04
1.438597713053089619e-04
1.437631821874770584e-04
1.433602312698055892e-04
1.432846718283605273e-04
1.431034919662628414e-04
1.426629368831420271e-04
1.425831548783788665e-04
1.423610212733803296e-04
1.422906340756841242e-04
1.421059017217256716e-04
1.418749808378327783e-04
1.417677004362770670e-04
1.416226332322545489e-04
1.415565862311553736e-04
