1.125430186813308753e-01
4.580063688930050003e-02
3.603885764407130377e-02
1.899537186504727040e-02
1.567325207148962188e-02
1.228954202072467250e-02
9.988420164919232375e-03
8.009931974767537169e-03
7.962166532021480378e-03
6.617094985908027541e-03
6.421420313075489744e-03
5.533330970191718129e-03
4.776657524942965090e-03
4.549159190241341445e-03
4.359448831507297187e-03
4.174030909245744249e-03
3.871811164081548004e-03
3.801484637785673172e-03
3.651162363547222605e-03
3.346576544775453892e-03
3.249405134194416778e-03
3.158179071149495691e-03
3.087454900539850916e-03
2.985863662002297223e-03
2.844233265551376726e-03
2.806039973676994256e-03
2.729255568895769344e-03
2.658346451141197549e-03
2.578839306798503140e-03
2.480186809278785588e-03
2.467344758858530489e-03
2.451250777446949570e-03
2.372109773089966893e-03
2.327185416627391285e-03
2.272103042700817418e-03
2.235138533659847444e-03
2.226509087858623802e-03
2.200321026396976926e-03
2.148250055429796156e-03
2.133070531737165949e-03
2.103003711175315676e-03
2.093669457937858032e-03
2.050653498256241325e-03
1.998417022570096128e-03
1.964797361668477616e-03
1.945249693857272226e-03
1.912562365793371317e-03
1.890578537139624843e-03
1.879866766798598795e-03
1.829120515271857568e-03
1.807067009710917492e-03
1.794207304447448725e-03
1.750277704687668414e-03
1.722196046650196566e-03
1.701100532767631972e-03
1.680775525886230633e-03
1.670569894598641913e-03
1.660304412932239867e-03
1.641728120166892997e-03
1.625367778748835123e-03
1.613581189888715212e-03
1.593979788183835181e-03
1.579083708488706293e-03
1.566982886300240197e-03
1.528207184879761199e-03
1.522815035389079967e-03
1.507615021754376639e-03
1.484723196431521949e-03
1.472602910176962817e-03
1.464769824609889149e-03
1.433425697037566228e-03
1.425441126382177241e-03
1.395834758778090583e-03
1.384186395105027395e-03
1.372944324832635690e-03
1.372109003339222390e-03
1.361905392361278076e-03
1.345901886713098171e-03
1.330557615938709982e-03
1.318041171416586268e-03
1.301097047933467933e-03
1.286433740943841459e-03
1.280456360591326241e-03
1.272182757352018512e-03
1.259322911764227055e-03
1.254454328188274199e-03
1.233467901629817058e-03
1.221759170067388336e-03
1.214362863783668587e-03
1.209150264861289350e-03
1.202853171636734161e-03
1.181023339924125318e-03
1.173289595033080637e-03
1.164981653655730066e-03
1.155652975725050303e-03
1.150371197226177523e-03
1.132601912554406180e-03
1.128194740475791042e-03
1.118480361548149747e-03
1.111741812318536946e-03
