4.710471934109030506e-02
1.740768253381038896e-02
1.266766857562087560e-02
8.058511545041290719e-03
6.032109440358836977e-03
5.067758923118674715e-03
4.737433202339461254e-03
3.675618767909248630e-03
3.162627553272330180e-03
2.948236466466368048e-03
2.637299910061018798e-03
2.413520988220191604e-03
2.195231064072691776e-03
2.026545642395189816e-03
1.878756690946374640e-03
1.740811552061964163e-03
1.660244980974000554e-03
1.540432109738904161e-03
1.491217609862920124e-03
1.446031593930905508e-03
1.379948034073240739e-03
1.272748588186165550e-03
1.245019186533068492e-03
1.235538494588792665e-03
1.186915387791167642e-03
1.126341744643352292e-03
1.097122972343937859e-03
1.059083483516512362e-03
1.035466954432746889e-03
1.005459251522465829e-03
1.001325146960879188e-03
9.848339213511818260e-04
9.528357082837733954e-04
9.225218902672479822e-04
9.129654919100877071e-04
8.924040314781754970e-04
8.725043822336376112e-04
8.670104105207650409e-04
8.404651168483522668e-04
8.219580715167986882e-04
8.153209665507489632e-04
7.955625893704506473e-04
7.722338518860697061e-04
7.657617440213175400e-04
7.608706241418153500e-04
7.511317249383977655e-04
7.440691690293731609e-04
7.369129283993475742e-04
7.168026675899862206e-04
7.070362749221156427e-04
6.966976914075408405e-04
6.844900740421655744e-04
6.800689830613218349e-04
6.717465396516084227e-04
6.630379045061518366e-04
6.600538294093816335e-04
6.418081809718209759e-04
6.360786531256736520e-04
6.273909428065275323e-04
6.154227543256516556e-04
6.070061735843359195e-04
6.027564692723057747e-04
5.938729167077661832e-04
5.841358524171886505e-04
5.802440885281450432e-04
5.758510911753697168e-04
5.684521849258233504e-04
5.621180147570084551e-04
5.579683189464372355e-04
5.543754395600541170e-04
5.457242554457232032e-04
5.430525228639651548e-04
5.330041339256273237e-04
5.305491644371702117e-04
5.179710259507220313e-04
5.124947776142739194e-04
5.101139492893451291e-04
5.010985020437461537e-04
4.904000540006286154e-04
4.877954391329908899e-04
4.859360453932783466e-04
4.842387503457286466e-04
4.763512227571722662e-04
4.724783640719340300e-04
4.679804226530463523e-04
4.615878424616895047e-04
4.565471464787238085e-04
4.524817817146972255e-04
4.494396737439657736e-04
4.416414032378269679e-04
4.412873281524328038e-04
4.374206223146557496e-04
4.312270231284495779e-04
4.281616372715314257e-04
4.231547218274806757e-04
4.207061547427769894e-04
4.173168552006604917e-04
4.152683005277826682e-04
4.135015699346809761e-04
4.114961944310500008e-04
