3.922585644123521148e-02
1.809803706697317091e-02
1.224968242644633096e-02
9.410535464795163549e-03
7.422045037489432943e-03
5.655288209144748029e-03
5.086838695814502147e-03
4.942478690470672974e-03
4.157903293461754149e-03
3.694656196632381973e-03
3.541166246367325951e-03
3.251149487802041001e-03
3.118737885756298935e-03
3.070832237272505798e-03
2.861323629282754629e-03
2.713106167400683444e-03
2.527310192960665301e-03
2.446699274458555371e-03
2.270189574976556532e-03
2.159925333253731074e-03
2.131073962324563174e-03
2.095248349222777508e-03
1.988662190288205314e-03
1.901997917760952410e-03
1.885377070516423576e-03
1.812453886293509831e-03
1.757075582759073072e-03
1.696613320897781465e-03
1.674420949676752200e-03
1.609353912081276173e-03
1.586985574241382051e-03
1.551827276108691447e-03
1.518802954827536350e-03
1.514751645105655471e-03
1.488071510384059333e-03
1.433856897009430338e-03
1.415013332302392539e-03
1.361510990811880045e-03
1.340178567869084901e-03
1.317455860266588579e-03
1.275816024964560730e-03
1.272218984827030129e-03
1.246971191779137856e-03
1.234550677231880441e-03
1.202803843906356156e-03
1.184813376710288886e-03
1.162653619207112922e-03
1.151679598277633235e-03
1.139765360080684502e-03
1.110599616443512213e-03
1.102631483954251857e-03
1.079553605568011991e-03
1.064914937541595278e-03
1.055047997398566011e-03
1.040136121378264960e-03
1.037218508498842333e-03
1.017339560004064739e-03
1.004223370501870338e-03
9.948405745083877851e-04
9.866175278329526559e-04
9.768093230765884094e-04
9.571079483348670248e-04
9.403313557515079841e-04
9.226736091850018615e-04
9.101450373634412333e-04
9.070654510271973373e-04
8.970777478199943276e-04
8.771263210898788514e-04
8.687213069985658164e-04
8.623152052209509099e-04
8.525589344818928052e-04
8.363106983984362449e-04
8.283054023360433794e-04
8.191001222675770455e-04
8.159339430907380135e-04
8.066102590103636436e-04
7.986812266440023724e-04
7.951760402836602825e-04
7.820579248287515143e-04
7.691139746962722410e-04
7.651252207312303488e-04
7.560300438883982158e-04
7.476215791972514292e-04
7.414462965292641311e-04
7.342023146875696106e-04
7.300065542222129939e-04
7.212762414918536110e-04
7.139995276663603594e-04
7.077415878730541768e-04
7.027690860168275648e-04
6.986792238183036361e-04
6.898531793139193275e-04
6.836634274583278928e-04
6.720456714359173030e-04
6.637215128559722458e-04
6.598475777228326533e-04
6.588133381006288291e-04
6.529055507129984896e-04
6.502672627211480592e-04
6.399360484645974815e-04
6.301493513453203374e-04
6.266533446133228146e-04
6.216362936150501969e-04
6.181426618044817863e-04
6.116219254769843456e-04
6.087021983684091832e-04
6.052488014490404501e-04
5.977495610165911057e-04
5.940857789081198078e-04
5.878967554895092465e-04
5.838425778927069931e-04
5.800154705684954339e-04
5.735637057938100308e-04
5.700362171238538373e-04
5.646120982577023566e-04
5.568455021533619004e-04
5.521540118562844133e-04
5.426063263679738267e-04
5.409117088214838607e-04
5.338407794862359184e-04
5.301794365170528446e-04
5.235713644173615403e-04
5.222786199228358732e-04
5.183077674746986710e-04
5.147888118541365078e-04
5.097480506804787743e-04
5.063098711036631951e-04
5.022800595562799605e-04
5.017935660066590205e-04
4.980761920934849646e-04
4.956465053158912127e-04
4.877199471007390456e-04
4.829492784363021048e-04
4.810115508304640248e-04
4.804274977992129968e-04
4.754241366229832789e-04
4.718212067915419873e-04
4.684101903360965977e-04
4.657853431997442044e-04
4.626618122033699428e-04
4.591727143112040864e-04
4.556407088061404580e-04
4.495805439435313728e-04
4.488837481678212261e-04
4.397417410912789508e-04
4.380701701800800282e-04
4.364001475729088449e-04
4.352229113206503735e-04
4.305896208683564490e-04
4.282792271897223270e-04
4.255301052252086734e-04
4.228903724850169906e-04
4.189287234850679140e-04
4.155130363938077851e-04
4.151319211466889892e-04
4.099929586115201607e-04
4.069003475408457357e-04
4.039066360848109541e-04
4.016295754500473405e-04
3.958708627595007665e-04
3.933628478711619710e-04
3.898460026317983784e-04
3.872221301968623518e-04
3.858011946813026693e-04
3.842302174430875690e-04
3.816620096214698595e-04
3.795021505822248980e-04
3.787374128110563101e-04
3.769878976064747309e-04
3.715762133945751575e-04
3.706944565869470416e-04
3.665281697564868875e-04
3.659612986484025456e-04
3.634117243587402062e-04
3.618786853134864541e-04
3.590830317631195910e-04
3.558995549768069304e-04
3.551410876094475899e-04
3.508378006011114497e-04
3.485597181661811679e-04
3.479555033295636817e-04
3.455821073528851932e-04
3.435951045676334482e-04
3.418814689853924473e-04
3.386803616332200091e-04
3.343970780137939421e-04
3.333839014572802717e-04
3.321446527110325582e-04
3.284497309894421260e-04
3.269217046954271027e-04
3.251353605765919643e-04
3.235068833610719422e-04
3.215117671508272031e-04
3.208632808674547897e-04
3.187130751519805954e-04
3.161112130462609675e-04
3.156804159530860886e-04
3.125517227732100937e-04
3.113812294127930218e-04
3.075812859467576136e-04
3.054596629741385908e-04
3.045240997556818239e-04
3.034557922080025950e-04
2.999623316776959137e-04
2.989516754870056767e-04
2.973548846589952558e-04
2.948856550277469341e-04
2.914601164140558087e-04
2.896039361377789338e-04
2.881045646246465893e-04
2.876456399429087787e-04
2.847061332026639270e-04
2.827634195304736778e-04
2.817274540268202175e-04
2.811461243120928679e-04
2.773816989494954960e-04
2.758379781535670095e-04
2.747281721061856563e-04
2.737922198878029768e-04
2.724109418561782296e-04
2.707419617894619990e-04
2.697287342560168851e-04
2.675253233012529134e-04
2.665843332755485915e-04
2.660350568736094155e-04
2.625125374262688620e-04
2.615020698357641699e-04
2.594618796536046247e-04
2.571493994386294985e-04
2.568392841984163994e-04
2.554145676828942137e-04
2.540662020785856932e-04
2.524021191054792094e-04
2.514005844348253353e-04
2.510300068728984232e-04
2.492090092746800556e-04
2.471039789689104217e-04
2.454542651378926370e-04
2.435554665898087632e-04
2.429174544172587778e-04
2.415454337151197190e-04
2.392675619522813507e-04
2.386514894968980280e-04
2.376041364714718564e-04
2.364384119673434059e-04
2.344843358262194534e-04
2.331573202218351364e-04
2.320899408193775567e-04
2.309194861549993710e-04
2.287461341362362116e-04
2.276418412279637509e-04
2.269805112120265665e-04
2.254366823267455887e-04
2.249592203680283217e-04
2.230094621215443788e-04
2.214896246385718033e-04
2.213710275942609338e-04
2.190322228090530810e-04
2.170319978119594848e-04
2.167019367410588778e-04
2.136038324192070042e-04
2.130795881634204713e-04
2.122140127643216479e-04
2.117886050485231911e-04
2.112544436536242754e-04
2.106805271564067517e-04
2.091350356731216519e-04
2.081575501650941116e-04
2.070301091630761224e-04
2.060198381378965636e-04
2.046827030209713290e-04
2.042303429001866128e-04
2.023559680685815788e-04
2.015897474333331729e-04
2.001479412498285331e-04
1.994325945432649458e-04
1.985248451481220035e-04
1.965367029031064102e-04
1.957774412878847121e-04
1.948846655482736783e-04
1.940078980100519543e-04
1.934476484335086492e-04
1.927924750624543610e-04
1.921012356943690741e-04
1.907745398801369069e-04
1.900543132573988281e-04
1.882746269137935491e-04
1.879266259278399845e-04
1.865659150492223210e-04
1.850571789796703046e-04
1.842353732179319152e-04
1.835626263784440558e-04
1.832405195600929338e-04
1.814240347189465658e-04
1.812336312541157834e-04
1.791476153635101728e-04
1.788294895757650785e-04
1.784606680765895962e-04
1.778347154345928671e-04
1.771890298660538173e-04
1.766439359112375164e-04
1.752824793610101620e-04
1.744887589887393305e-04
1.732161140970209646e-04
1.726018638235285322e-04
1.715898804225601468e-04
1.712889524105778842e-04
1.705443989854529786e-04
1.696169411225949047e-04
1.694203640617984361e-04
1.681441425483001036e-04
1.674512848194105626e-04
1.667686916178976364e-04
1.664370067868739794e-04
1.653739108860689821e-04
1.642334194759591877e-04
1.636189659837890568e-04
1.632458925901938279e-04
1.624074882462258305e-04
1.618985420009951383e-04
1.612788642219323493e-04
1.601724032923686680e-04
1.595044714666232657e-04
1.594202616264402540e-04
1.590723445931816642e-04
1.576464223643159949e-04
1.572672614680914514e-04
1.571286591619962031e-04
1.564896617865173766e-04
1.555863370772712711e-04
1.552675654306205676e-04
1.550744656139272423e-04
1.543191473000451650e-04
1.538103437070843793e-04
1.529329145025217428e-04
1.523163307639116993e-04
1.522385756618094418e-04
1.511761335036071398e-04
1.509910043526137334e-04
1.503436980353931257e-04
1.497258764107152343e-04
1.490594545015557187e-04
1.487671813492177138e-04
1.486158471922600021e-04
1.484135579234970243e-04
1.476651127876689646e-04
1.473378826145135552e-04
1.457565495494844558e-04
1.448610107312342412e-04
1.445969755187112842e-04
1.443964980942261339e-04
1.441212853328095831e-04
1.432938277727828936e-04
1.431231939175978726e-04
1.424765337321683752e-04
1.418184223144134098e-04
1.413462291191110924e-04
1.409744106329431038e-04
1.404673527777577122e-04
1.400789026998834261e-04
1.392937425103842823e-04
1.387862041575545322e-04
1.386178613831665139e-04
1.380905067986217601e-04
1.377915622248280093e-04
1.376082061098110772e-04
1.370951390412232247e-04
1.362555166621084708e-04
1.357628812804510864e-04
1.353176168739228524e-04
1.351932266094444030e-04
1.348538515203007680e-04
1.345108913576785426e-04
1.341103172652948752e-04
1.336852023112384592e-04
1.332217573395631772e-04
1.330267739785775819e-04
1.326363355566722332e-04
1.323581390426051838e-04
1.319114223500350634e-04
1.316255484385510442e-04
1.310599208271700687e-04
1.310410694994629146e-04
1.306151417464714894e-04
1.305682497835710385e-04
1.299140567673573248e-04
1.297013659664945733e-04
1.294936846557186768e-04
1.289815580038744611e-04
1.288047125173649016e-04
1.284475114642831290e-04
1.281858924814264155e-04
1.277357145078755231e-04
1.272600492271740386e-04
1.269745203610820716e-04
1.264710256636135844e-04
1.262888214607729741e-04
1.258782584494386658e-04
1.257898523157071724e-04
1.254808693476324810e-04
1.253340964791714433e-04
1.249242251023073168e-04
1.245894573276857403e-04
1.243350294146733826e-04
1.241478920701956693e-04
1.237352575144209813e-04
1.236127979296103470e-04
1.233718151169214646e-04
1.228694880064195682e-04
1.226857388444482777e-04
1.225526605549911053e-04
1.223019197871269494e-04
1.219606983504051777e-04
1.216287401138244019e-04
1.214067180694655652e-04
1.210284466862129415e-04
1.207950968717255236e-04
1.204395453073399630e-04
1.200758475168753152e-04
1.198029855129918947e-04
1.195784951110139677e-04
1.194137617929532259e-04
1.192987570746267665e-04
1.189173899376006686e-04
1.187301407459541132e-04
1.185486802458213186e-04
1.182806810702102107e-04
1.180688010412721679e-04
1.178987685192776100e-04
1.177790577768968584e-04
1.174588745968536789e-04
1.169143066758388026e-04
1.167999776038009620e-04
1.162402092356827876e-04
1.161322334137280756e-04
1.159217028910295230e-04
1.157704398342800111e-04
1.156358653878701960e-04
1.151805952233298311e-04
1.148743955098886050e-04
1.147698509616178740e-04
1.147118191786840536e-04
1.145057217769279007e-04
1.144138017270230576e-04
1.140694834535966088e-04
1.137796158904036550e-04
1.136228796259697099e-04
1.132369642835584500e-04
1.131104791221446208e-04
1.127282006220075276e-04
1.126532112690691137e-04
1.124693466407979987e-04
1.121588080966404719e-04
1.120157365297742402e-04
1.117693419166867835e-04
1.116314968915431454e-04
1.114686312034868281e-04
1.112435744255752267e-04
1.111524687643041567e-04
1.109291818114752120e-04
1.107877748187874534e-04
1.106670454493616571e-04
1.104635930410863070e-04
1.103068413214752254e-04
1.099759937958048482e-04
1.098600396572691900e-04
1.096085894214254841e-04
1.093095094532998518e-04
1.092508107026130318e-04
1.091292319277921213e-04
1.089973162151462309e-04
1.087888853762803771e-04
1.086995310804472081e-04
1.086328877921083959e-04
1.084441063678558961e-04
1.082004172161772431e-04
1.079124351315346379e-04
1.078285365790442973e-04
1.075849920091214595e-04
1.074492247102271856e-04
1.071661386213845909e-04
1.071151629489085644e-04
1.070091755648893729e-04
1.068782749051625875e-04
1.066805785590173468e-04
1.064051189104446641e-04
1.061256688478897433e-04
1.059973982771142729e-04
1.058107401280831207e-04
1.056862556705342950e-04
1.056159748028749872e-04
1.054214000031804868e-04
1.053328863012020945e-04
1.050053367365527196e-04
1.048369630934536039e-04
1.047209942102322622e-04
1.044971675414994720e-04
1.043930452813816867e-04
1.043231311456082456e-04
1.039862873114730783e-04
