8.846029650587573789e-02
3.336766505859270482e-02
1.956670922675701751e-02
1.325100831893621413e-02
8.747055719849919364e-03
8.152380557931529839e-03
6.542696456338385237e-03
5.055673861395830644e-03
4.756947790917385489e-03
4.334586118873236422e-03
4.077142422655543122e-03
3.216119194969430713e-03
2.824542617789955676e-03
2.485667244292403578e-03
2.461673532873345869e-03
2.259886103890820005e-03
2.195221954288729873e-03
1.965083734217189931e-03
1.868357839589487304e-03
1.715670434828196539e-03
1.693050926970683353e-03
1.573429789605128564e-03
1.497734663230154955e-03
1.475551114995086229e-03
1.395004595661172549e-03
1.368316357624792040e-03
1.343587636370278341e-03
1.283410955460557046e-03
1.265430665204630859e-03
1.221010172166340016e-03
1.194820653600047215e-03
1.168922117388567807e-03
1.133351497503992536e-03
1.116316071594577715e-03
1.089479685262693129e-03
1.068021687033429007e-03
1.059173402073083654e-03
1.044280293277772154e-03
1.018380340027233736e-03
1.005652256515015500e-03
9.930675513832444394e-04
9.871087835013300001e-04
9.618714067074513475e-04
9.492509450517272029e-04
9.348034037468146281e-04
9.219675966889793583e-04
9.089989030839159710e-04
9.054543996472116810e-04
8.988409424494673509e-04
8.819221786705942062e-04
8.727141904662676693e-04
8.641888530437144425e-04
8.442109632446094785e-04
8.382175932531809974e-04
8.327613499653681046e-04
8.173391650152351346e-04
8.161549395115226492e-04
8.037429795827480102e-04
7.969946778588491093e-04
7.925210337415563395e-04
7.870608299755470737e-04
7.712930322485609617e-04
7.651014706789935208e-04
7.600211548571877756e-04
7.552939369124624146e-04
7.471557141484159656e-04
7.456453325480657656e-04
7.381321012540461224e-04
7.247775201651982576e-04
7.184909828431827218e-04
7.133137603700379081e-04
7.026961511738518068e-04
6.979708861280994056e-04
6.944671961753414238e-04
6.845441861067218681e-04
6.809583515626069965e-04
6.780900963321536334e-04
6.737975759210742448e-04
6.685700421378239959e-04
6.666261192634690249e-04
6.598895703361152328e-04
6.507304917270566140e-04
6.476706262114376687e-04
6.448863362620180185e-04
6.419799809195591081e-04
6.402928359253660245e-04
6.362605466720036010e-04
6.346705980265682006e-04
6.335228654644262233e-04
6.311452472808463552e-04
6.238129083600335231e-04
6.168508840787349746e-04
6.135806233502022564e-04
6.109761786726821721e-04
6.047508863490219915e-04
6.042086709167825923e-04
6.006848202136570681e-04
5.963328589127961203e-04
5.911113950545880680e-04
5.899732011613243983e-04
