7.272798121777275526e-02
6.580369620605883152e-02
4.143770022960079763e-02
3.163507335940835691e-02
2.590104929151316321e-02
2.334747984001538448e-02
1.993999990799582081e-02
1.645612176898308618e-02
1.407485146555582760e-02
1.394652715704719145e-02
1.262765341497132029e-02
1.183485944265160079e-02
1.044743932352856959e-02
9.643332002832962283e-03
8.449861547862650563e-03
8.012104379452907391e-03
7.437422834397982088e-03
6.927165833375169973e-03
6.860416607830903055e-03
6.332858788266532146e-03
5.883884884581859834e-03
5.652827724881266148e-03
5.433279363261988258e-03
5.071759340808076541e-03
4.722447433189324965e-03
4.557096018058744667e-03
4.480400337472442186e-03
4.386351975501556408e-03
4.119763612067070882e-03
3.949161667073894898e-03
3.904716769146973025e-03
3.746011754796180031e-03
3.663961761360484074e-03
3.417589837785260393e-03
3.315623033741461195e-03
3.213496107590874291e-03
3.170027910448697944e-03
3.145826284204405240e-03
3.029608955457757224e-03
3.004587888692957301e-03
2.939977981046709016e-03
2.920655722669480980e-03
2.835656831045987869e-03
2.829831309754638705e-03
2.751419925045856928e-03
2.694061950790874616e-03
2.639985381378837006e-03
2.563503917896517437e-03
2.540613493189701477e-03
2.475663650752584540e-03
2.445314788086663717e-03
2.436954614561539102e-03
2.333840383758512601e-03
2.326137448060715089e-03
2.308059671693866218e-03
2.294789079522238824e-03
2.272658845918261970e-03
2.228487738368457871e-03
2.213644531083175989e-03
2.192062804344735178e-03
2.159082452816732996e-03
2.146134981726979286e-03
2.127322606010941149e-03
2.107371555689304711e-03
2.078985318504646043e-03
2.064343903647924885e-03
2.024010598175441603e-03
2.007565468512554924e-03
1.978567907825437306e-03
1.959657451404815936e-03
1.938736618734521666e-03
1.929911041545347107e-03
1.926896117765206431e-03
1.896264484774552684e-03
1.879198084649872725e-03
1.859640618504082446e-03
1.845351957351404597e-03
1.835616423302372738e-03
1.817532320501302973e-03
1.809272875289149544e-03
1.802250812672547562e-03
1.785311178403706234e-03
1.769516397061870853e-03
1.758466686412936669e-03
1.739142508629954722e-03
1.714674955906120768e-03
1.710994465650504236e-03
1.689451955097488311e-03
1.680129669429419274e-03
1.676726467283841089e-03
1.652956860057727207e-03
1.642224078094573630e-03
1.629130649797536209e-03
1.615911935058840943e-03
1.590143390533280219e-03
1.573839824769585364e-03
1.566447704146515726e-03
1.564041382989898431e-03
1.551670732354496927e-03
1.535489935399101183e-03
