4.782530191616319454e-02
2.541305010571577247e-02
1.461384431772454369e-02
1.058939607950351407e-02
8.407074256239439880e-03
6.996843574116728970e-03
6.413542573485098326e-03
6.213828361235884321e-03
5.015162504002560265e-03
4.533094125645110301e-03
4.369891842135240762e-03
4.197881044776891925e-03
3.887206228216873605e-03
3.618424062210573791e-03
3.435850880871288513e-03
3.227903781102859759e-03
2.880549083602721577e-03
2.744505992877046153e-03
2.634626277440589755e-03
2.564896386296154889e-03
2.530152469628987530e-03
2.443517302758759988e-03
2.372305352654791553e-03
2.243291249601200941e-03
2.189321262823567312e-03
2.134723654975015459e-03
2.002682379213539896e-03
1.993357060961372090e-03
1.916810104072762689e-03
1.895887755270098162e-03
1.865556428577542364e-03
1.806852720337272971e-03
1.781262356312562824e-03
1.742900551634796787e-03
1.725188228574713522e-03
1.679698839392790169e-03
1.638040499211815011e-03
1.628330743145143828e-03
1.579188982179271106e-03
1.526388573074848693e-03
1.516171629623142654e-03
1.489946477584559595e-03
1.475126862833406501e-03
1.453516091994359579e-03
1.421687864794973300e-03
1.401055688492715756e-03
1.390361115819075798e-03
1.382787688657680482e-03
1.343536377743394933e-03
1.310159210490510632e-03
1.303827207743107680e-03
1.276451750846800161e-03
1.262829350799422748e-03
1.253858833462750694e-03
1.244787347205180642e-03
1.238645279451652164e-03
1.230035818909171359e-03
1.207866197306142492e-03
1.193999005967598653e-03
1.174269616700132938e-03
1.148857969966734192e-03
1.141369675978121069e-03
1.125828627285399347e-03
1.112825795351146067e-03
1.099665151233934551e-03
1.084523875909549316e-03
1.078910495223274913e-03
1.056131917282835493e-03
1.044025271400382277e-03
1.035186091455799753e-03
1.023707585074407761e-03
1.021283563368468412e-03
1.015045961274114571e-03
9.998594153909684448e-04
9.908121614758277039e-04
9.814006282906849975e-04
9.802482766774476327e-04
9.742916541006234506e-04
9.589682707448286131e-04
9.432192965590730036e-04
9.379829965936321281e-04
9.299319131056997187e-04
9.230288780146003692e-04
9.103878174891213418e-04
9.007683538762725024e-04
8.923725066172941232e-04
8.849758378725752252e-04
8.729824651954543263e-04
8.705367486284686660e-04
8.618898434264016511e-04
8.584818656571023381e-04
8.537279942817777674e-04
8.467615193577700261e-04
8.369335364449891155e-04
8.302485596729886281e-04
8.204003802739834100e-04
8.158415875251569813e-04
8.057311428936893543e-04
8.038324315012925804e-04
7.998641211673080233e-04
7.897974863119237420e-04
7.849035829470099894e-04
7.746871608346702666e-04
7.705947018486190327e-04
7.642908808181172716e-04
7.603219363502673961e-04
7.567883933184478985e-04
7.521180750665039817e-04
7.464844132018957175e-04
7.353903626247260822e-04
7.338502287389991798e-04
7.234848677994336992e-04
7.227280698929973782e-04
7.148593236101583991e-04
7.111901049528463262e-04
7.045658799762002933e-04
7.025903744115888708e-04
6.965962810818613011e-04
6.894942245208318535e-04
6.873555669949398851e-04
6.798813031791943332e-04
6.756972331126818868e-04
6.698151787678781419e-04
6.668357908937072500e-04
6.597012250664276850e-04
6.559152782366812779e-04
6.524866344718962185e-04
6.437534466087017904e-04
6.434615265311106067e-04
6.368912826043273074e-04
6.340028013059194507e-04
6.312603503912324375e-04
6.250932677021762496e-04
6.213167857086061537e-04
6.153125450874425426e-04
6.127078012999231027e-04
6.107962372778433539e-04
6.041864689093098643e-04
5.982042582007448227e-04
5.959640787048164695e-04
5.892425359035489887e-04
5.866734797919529246e-04
5.827998330961122256e-04
5.806046092165440464e-04
5.784961458495701181e-04
5.755088905274657538e-04
5.704868664986969444e-04
5.683401236552536491e-04
5.661755841141491181e-04
5.609137387206678763e-04
5.578806872003574556e-04
5.520820512480519894e-04
5.498865244734254913e-04
5.460683927473141937e-04
5.452690540667849304e-04
5.422844253787039142e-04
5.406689738773703567e-04
5.354522189914209807e-04
5.291954671927383714e-04
5.251287036198731177e-04
5.239331304324562578e-04
5.186215816182547858e-04
5.168927664048559439e-04
5.157105900522315290e-04
5.120959111090571869e-04
5.098614898015418982e-04
5.092632620167248650e-04
5.045027073881148700e-04
5.006522353649638232e-04
4.987011254105514586e-04
4.959739142184812219e-04
4.954342723681023561e-04
4.920622635363939125e-04
4.896361900471303758e-04
4.859456436183570661e-04
4.840163652724464947e-04
4.789259451032673478e-04
4.765792674193895621e-04
4.752233069379099709e-04
4.728991459402958047e-04
4.713522536663736825e-04
4.708233553991907506e-04
4.670216809413688564e-04
4.643858445356569497e-04
4.634814501996280820e-04
4.611717212536192950e-04
4.590925018460077583e-04
4.550575557041911900e-04
4.526408298075999966e-04
4.510574792930549938e-04
4.471049650978007554e-04
4.456825931882754427e-04
4.444465046866890668e-04
4.424428363456108524e-04
4.402343330799100211e-04
4.382711190224851784e-04
4.354171133692830457e-04
4.337790597664825838e-04
4.328031224387014265e-04
4.319333011937549543e-04
4.277096899237871211e-04
4.259076222786170357e-04
4.242136946792138914e-04
4.238201612505777685e-04
4.207021570235333478e-04
4.196275542938614602e-04
4.151163445898238395e-04
4.140036292720839580e-04
4.110544318862049658e-04
4.091838714205847010e-04
4.080029995612388205e-04
4.068200929473475840e-04
4.053015992803619353e-04
4.031488103357705813e-04
4.018948144691489961e-04
3.979393994373715653e-04
3.956798569081177233e-04
3.950236787176862087e-04
3.937889363348265185e-04
3.877748294154347887e-04
3.869063040596814164e-04
3.860430223312190444e-04
3.852789621606028930e-04
3.838905347028025009e-04
3.804038582864407493e-04
3.785055301488991276e-04
3.776852581969014676e-04
3.775562651029477066e-04
3.742493636077119743e-04
3.725298167727348112e-04
3.703245274615115886e-04
3.698436371098245490e-04
3.690939371984623078e-04
3.683082591675203689e-04
3.667386440629598907e-04
3.653017244713965069e-04
3.645050977195253366e-04
3.629579268882237404e-04
3.614732525788726526e-04
3.586498872342060271e-04
3.572805378592055462e-04
3.570396874573837382e-04
3.537746380143433475e-04
3.522458332606091661e-04
3.499519493409139698e-04
3.485548584092443454e-04
3.480295094515414162e-04
3.467817988939916494e-04
3.465228438005359948e-04
3.427969917715605768e-04
3.423073284717558450e-04
3.411870262220252680e-04
3.408443623475358513e-04
3.388564985534595932e-04
3.378048203949377817e-04
3.356896343439780251e-04
3.345554011236882993e-04
3.333794618067647793e-04
3.324463121758681312e-04
3.315541848556623704e-04
3.300708207937951433e-04
3.284829731218675414e-04
3.269199784737747741e-04
3.239511764723111589e-04
3.228980495154307206e-04
3.224303665255521113e-04
3.205092163809385749e-04
3.196599231823492207e-04
3.183729279485268638e-04
3.169456522686891565e-04
3.163042803182235479e-04
3.156067294039463815e-04
3.138470735207727139e-04
3.127887849117098342e-04
3.110115595780795460e-04
3.101983166576763990e-04
3.091945106228963908e-04
3.084689339998677375e-04
3.063609176355721708e-04
3.055323989339657378e-04
3.046116015170201546e-04
3.035703309469330209e-04
3.024690160132373741e-04
3.012085964429187294e-04
3.004464655230818914e-04
2.997196184849785583e-04
2.978116768338145656e-04
2.967761781123224771e-04
2.963978714211423868e-04
2.947660778505944773e-04
2.932432880564723901e-04
2.927632832984926586e-04
2.921583289887108841e-04
2.910532319951984357e-04
2.900755162803912040e-04
2.893089195546612595e-04
2.877393553856706708e-04
2.867886067396816147e-04
2.865952699859531934e-04
2.851175350430929347e-04
2.843209731504018028e-04
2.837682086556039146e-04
2.821827553170927418e-04
2.801862756420236684e-04
2.788684406852724403e-04
2.781094505683033872e-04
2.777265864827010576e-04
2.775269940237390788e-04
2.766898145350917123e-04
2.759107534208072752e-04
2.753539410031516929e-04
2.732503169208203714e-04
2.730198831141641492e-04
2.724374305388901777e-04
2.718387923460405535e-04
2.706453333586791160e-04
2.703218787398062512e-04
2.689070206679913854e-04
2.678706168890514737e-04
2.671863820405974942e-04
2.666398377389391384e-04
2.660800929967575119e-04
2.656784217112373686e-04
2.647313334413007040e-04
2.640953905331332825e-04
2.631720433185572852e-04
2.622134409178016913e-04
2.607909114488587174e-04
2.601646919512686472e-04
2.595431910089625988e-04
2.594914365288596494e-04
2.586928988148012691e-04
2.582924305573664793e-04
2.574822648429517810e-04
2.565573900745306496e-04
2.560028155217902008e-04
2.545031580954031417e-04
2.540763697148670092e-04
2.538895709558633526e-04
2.521628519590898669e-04
2.518321233507352899e-04
2.513114714759898073e-04
2.512535058899482607e-04
2.508181227415907455e-04
2.495409279570885296e-04
2.487269423678545983e-04
2.482635631296275960e-04
2.477978763466498827e-04
2.468962301882301059e-04
2.466681247085552946e-04
2.458360377037624033e-04
2.455154858662789825e-04
2.446403011772048820e-04
2.434670731918127504e-04
2.428029230473678667e-04
2.421731487234034252e-04
2.417975712244416382e-04
2.406982967571157800e-04
2.403316887529260710e-04
2.393260643513030054e-04
2.390173252826712196e-04
2.387888226823086204e-04
2.382046236407913504e-04
2.369511361129177053e-04
2.365652492568047266e-04
2.358466354098292226e-04
2.351478727229490331e-04
2.345580818649309579e-04
2.341883570248870592e-04
2.337641527361389423e-04
2.335502144935474201e-04
2.323664374389760104e-04
2.321325092252423154e-04
2.317138332477335972e-04
2.315015629717330384e-04
2.311735772394764505e-04
2.302487305846635758e-04
2.295685674845144664e-04
2.288041789734903927e-04
2.283891154194234608e-04
2.278041130386497461e-04
2.272230285919154592e-04
2.265555697039886573e-04
2.261248159389967524e-04
2.254215690989173058e-04
2.249555113488340612e-04
2.244204121146108522e-04
2.242501807001749323e-04
2.236859053634341222e-04
2.233950499516044151e-04
2.232034605471099400e-04
2.224738388136302317e-04
2.221856239177032969e-04
2.217832961564215443e-04
2.211181418968297824e-04
2.208355918958891358e-04
2.197771789069445907e-04
2.195674865449443282e-04
2.189753238503071363e-04
2.184320226197505670e-04
2.179273124309325004e-04
2.174262199822031094e-04
2.172361325648620198e-04
2.170073299177251289e-04
2.162517442578325690e-04
2.160615315137323633e-04
2.155885207025302029e-04
2.152205287129382199e-04
2.148796800764250932e-04
2.143505137033335393e-04
2.135702128841601190e-04
2.131670443919594557e-04
2.128120560820218065e-04
2.123420439928127505e-04
2.118497066920742549e-04
2.111124875518965408e-04
2.107946118776666319e-04
2.104377040602359793e-04
2.103412940267696039e-04
2.096526052679874275e-04
2.094926508842492549e-04
2.088006248371728944e-04
2.084002681043693771e-04
2.080503847209960971e-04
2.075778205206052311e-04
2.069401688837247343e-04
2.062826517312903152e-04
2.056633881274709443e-04
2.056104576576295447e-04
2.054389270117975728e-04
2.053089578386771549e-04
2.046881774853266634e-04
2.045535445405385064e-04
2.043189307001946377e-04
2.035832903692460279e-04
2.030342059523556415e-04
2.028662795418455960e-04
2.026636229254923918e-04
2.018992996269463409e-04
2.017253986988036649e-04
2.012192325203162734e-04
2.010435796664217212e-04
2.006607857738525267e-04
2.004677430400756116e-04
2.002635205918739476e-04
1.998800264362380361e-04
1.996774690878619168e-04
1.990042444692881503e-04
1.984980254694606022e-04
1.982342998395222292e-04
1.976420863120222971e-04
1.974448280762367198e-04
1.971273079772823062e-04
1.968193620917872862e-04
1.967739667696391916e-04
1.963806714177138667e-04
1.958302417276855032e-04
1.956705113863277899e-04
1.951779166403513693e-04
1.947024017792267712e-04
1.946048506145491973e-04
1.941591354134151906e-04
1.937639570938993409e-04
1.934189657354515117e-04
1.930702915865487902e-04
1.928712256659647869e-04
1.922612687316522140e-04
1.920529756611216471e-04
1.919809261668213108e-04
1.915805911165823915e-04
1.912715227086837831e-04
1.910329136969206917e-04
1.907639868902667084e-04
1.905430841646060520e-04
1.902414217109568283e-04
1.899192944291028793e-04
1.896598557126682398e-04
1.893214261292876439e-04
1.889132150449983002e-04
1.886496047686962111e-04
1.885494077523154057e-04
1.881320252851860888e-04
1.876380157723411780e-04
1.874255233432936302e-04
1.870852257135391969e-04
1.869959908463641530e-04
1.867045512243793129e-04
1.864982518831304037e-04
1.860725781373238929e-04
1.859547403952646583e-04
1.856480887836355629e-04
1.855699803711446287e-04
1.852373682335339312e-04
1.852049924230805475e-04
1.850197043557654973e-04
1.844848389568065909e-04
1.843174241992502204e-04
1.840328692634030008e-04
1.835442082453716064e-04
1.833377307728554194e-04
