7.444167183454092340e-02
6.313501181361552694e-02
4.396492297868962590e-02
3.343048661424969509e-02
2.835897950053036659e-02
2.486515196890777199e-02
2.120249743791696034e-02
1.833713903643547846e-02
1.602110942799783722e-02
1.548542859509228521e-02
1.414728483791321406e-02
1.368452811441344882e-02
1.235037024730559208e-02
1.160401860516051264e-02
1.093972980824811821e-02
1.019390169921681986e-02
9.642634226448919266e-03
9.208761489886403348e-03
8.754235471801562196e-03
8.531120412780415427e-03
7.897456247617356054e-03
7.622481323960299086e-03
7.170243926149720906e-03
6.926729905165773457e-03
6.817347902966789525e-03
6.284129822514136071e-03
6.098785980360731628e-03
6.033757996916363532e-03
5.949476541927341960e-03
5.838003631376707456e-03
5.660436410604023465e-03
5.383154839158343745e-03
5.232750278562914477e-03
5.124114384564018576e-03
4.994718252174065037e-03
4.802219906003561169e-03
4.752993507325937832e-03
4.637231026661157128e-03
4.522332377956077461e-03
4.462528138191757844e-03
4.453457350533011547e-03
4.398621128811905714e-03
4.269101488387715658e-03
4.205936169386163478e-03
4.093784296040589230e-03
4.043361863761575810e-03
4.018336127080524012e-03
3.878747627719994137e-03
3.854778410937300358e-03
3.755120738327356097e-03
3.708915228816460265e-03
3.679838907462082420e-03
3.582633399706425074e-03
3.558519599882370345e-03
3.534512483825372631e-03
3.361560691719331969e-03
3.347358199848094601e-03
3.303226398063420586e-03
3.258018355023354143e-03
3.203255439613921559e-03
3.172619365310618781e-03
3.127460611511836703e-03
3.090761633754286059e-03
3.044276991886962162e-03
2.987087329753234082e-03
2.965131886157108820e-03
2.953709544178124112e-03
2.895824303098412222e-03
2.852201322814414478e-03
2.813809274764400483e-03
2.785024060997271997e-03
2.733629205416569612e-03
2.724747785383367735e-03
2.667814389695585386e-03
2.657379735410706368e-03
2.603932634368642026e-03
2.585349610976673141e-03
2.535797080881240298e-03
2.513956438953629004e-03
2.488694833773349904e-03
2.463000510472556064e-03
2.440345134006152109e-03
2.401770164618022892e-03
2.373789058984861981e-03
2.357166388503257291e-03
2.322866832657309241e-03
2.298281728080049918e-03
2.271214474474958153e-03
2.259399865525850686e-03
2.251962788412566717e-03
2.222785459354483829e-03
2.207386066827453711e-03
2.167986997242005772e-03
2.140225603208747215e-03
2.124546791539509011e-03
2.116042208306351605e-03
2.083477549989436618e-03
2.058599262317379990e-03
2.044271813917153575e-03
2.023834871351525618e-03
