9.828321212513163596e-02
3.876819890089260034e-02
2.576298102207617846e-02
1.601631241438333103e-02
1.065920449951922658e-02
9.853684454999778880e-03
7.968288587669115214e-03
5.801218077443250076e-03
5.699528508563162649e-03
4.982646200651615412e-03
4.674371904652675769e-03
3.913323015127105099e-03
3.318590956763978108e-03
3.115003225825750330e-03
2.767941104781376609e-03
2.664862980509058107e-03
2.586624377449550823e-03
2.249180005265566124e-03
2.198332075137613036e-03
2.030499571316452326e-03
1.959912881588923676e-03
1.846185738154288531e-03
1.799548988506210036e-03
1.745798229942437715e-03
1.627771681503204209e-03
1.618076863363617770e-03
1.537909556545359775e-03
1.521443225694177901e-03
1.487805651763716812e-03
1.477441185502468765e-03
1.442031136846089450e-03
1.342744629172190791e-03
1.330698456247294019e-03
1.301442659097626180e-03
1.274051570272400269e-03
1.231438664918416831e-03
1.220591197848834358e-03
1.188235386255197690e-03
1.169445557389706515e-03
1.152463415647429290e-03
1.137739685205611459e-03
1.125817103709843107e-03
1.111663075916194702e-03
1.092756014502544197e-03
1.073163050130067873e-03
1.054770334258960801e-03
1.053620950992011389e-03
1.038790092264512592e-03
1.033308942754470553e-03
1.021469621106609179e-03
1.015095767527097580e-03
1.001813512723007983e-03
9.888967603998188079e-04
9.795853198538749876e-04
9.663615613350883286e-04
9.621147740544327715e-04
9.413046844060113686e-04
9.321720626113985881e-04
9.196757423618380240e-04
9.134574669366795404e-04
9.086715073413514400e-04
8.912332406305232754e-04
8.859900001484032278e-04
8.788689922837043030e-04
8.688479728854438212e-04
8.553553301701274838e-04
8.524756283559984174e-04
8.464907425638501254e-04
8.409788926746013769e-04
8.369687543078969602e-04
8.305442882991450910e-04
8.096360322418183443e-04
8.035973879858466541e-04
7.967566890051303204e-04
7.954566673670977230e-04
7.932251599561296633e-04
7.868175500583352369e-04
7.833718331659284386e-04
7.762124708090700894e-04
7.730944790850040847e-04
7.718406395013634137e-04
7.642054075538450616e-04
7.622203650127048254e-04
7.535470468728652088e-04
7.498470699040226664e-04
7.452816515811455742e-04
7.423378121744265935e-04
7.327101256602901397e-04
7.298802754809456976e-04
7.219646777270314654e-04
7.146640575456682633e-04
7.129969001950721592e-04
7.097903564018159025e-04
7.088763985617042504e-04
7.009802696305928371e-04
6.987920862620326194e-04
6.965357523409550222e-04
6.913419119619203072e-04
6.849772846566124342e-04
6.815239764107297897e-04
