1.036753116362220117e-01
4.448454047608382811e-02
3.526890043807741348e-02
1.920820604984314547e-02
1.367984744486397918e-02
1.195639892432882358e-02
9.830861133588039702e-03
6.958012608157739844e-03
6.526730575125107812e-03
5.916641115017424665e-03
5.522798177633597705e-03
4.783129853563774028e-03
4.199682226708171054e-03
3.858508054652895133e-03
3.317927044926736405e-03
3.269816228444043672e-03
2.934242617315150920e-03
2.841618134748900588e-03
2.657735438342729781e-03
2.383810661849461183e-03
2.276634015949316123e-03
2.209159652522528234e-03
2.144416192457335342e-03
2.034535228936710811e-03
2.006068910933161108e-03
1.908868640578545699e-03
1.848578176634419357e-03
1.803229435646549811e-03
1.727487086906264293e-03
1.697140556642126466e-03
1.638704452042589934e-03
1.594090240886429340e-03
1.544850947021333054e-03
1.504534870106772086e-03
1.495578858245212974e-03
1.485209261548062860e-03
1.414671779925514954e-03
1.392904938583938582e-03
1.373444747317777246e-03
1.360787440756739504e-03
1.333676465309219759e-03
1.325987003819162260e-03
1.303739729441920434e-03
1.284302721113307708e-03
1.268416458912651444e-03
1.243143616312911669e-03
1.230464889791130657e-03
1.228573738414785862e-03
1.214760700243814598e-03
1.199939564274051440e-03
1.192927956841806402e-03
1.159926315751881815e-03
1.149240832726201303e-03
1.142072404704572424e-03
1.132914905591832049e-03
1.120741167727343484e-03
1.110470663041130367e-03
1.094031581593482658e-03
1.086244651519364599e-03
1.076177639588655468e-03
1.074222284887962073e-03
1.065491302379515748e-03
1.057062176784652778e-03
1.038544248851933820e-03
1.024922550043166122e-03
1.019438668088966425e-03
1.015488143286369686e-03
9.978756015827090591e-04
9.811848898178497907e-04
9.713226957488906238e-04
9.677422846491682282e-04
9.648291952942068600e-04
9.532118797821088505e-04
9.449598104462749674e-04
9.415439440864719570e-04
9.355437471931866067e-04
9.211496071577795781e-04
9.153883374532793479e-04
9.069066885790985459e-04
9.053004544257930520e-04
9.003694047080562776e-04
8.953870386146834835e-04
8.911812596244485718e-04
8.856928390328042697e-04
8.795355969609814891e-04
8.733017536840149845e-04
8.686671155452320697e-04
8.669231291224876795e-04
8.621643214158136769e-04
8.511654933629891071e-04
8.455142504218097089e-04
8.374652370896906728e-04
8.327713710958283824e-04
8.280221464826840365e-04
8.236580711527978537e-04
8.193861681868424554e-04
8.139726087069267067e-04
8.030496656488393410e-04
8.015220073882376329e-04
7.973270297747886643e-04
