3.608162003758686592e-02
1.635532299105577764e-02
1.117656318987443435e-02
9.247575626512126098e-03
7.008953489786953241e-03
5.338376653495384254e-03
4.864619782186895697e-03
4.599032930258791299e-03
3.788439109852126743e-03
3.502767889393587804e-03
3.351113884532546782e-03
2.996220003772715173e-03
2.871861412546247889e-03
2.819622550101338540e-03
2.753204895466228059e-03
2.501044831994564399e-03
2.324692198777489859e-03
2.238310127590104146e-03
2.210184538974813585e-03
2.049583853695241022e-03
1.952930801258424050e-03
1.857797123127325617e-03
1.799207791410026638e-03
1.777984649030288095e-03
1.729727073203281675e-03
1.717667185057259642e-03
1.619591821517072337e-03
1.608636390774159002e-03
1.585064243822980430e-03
1.542765587568239267e-03
1.506735404896699000e-03
1.432095708650284486e-03
1.397259638838882923e-03
1.386283092964331635e-03
1.380614674858488163e-03
1.361705538866002764e-03
1.350245435885788102e-03
1.275278718462780504e-03
1.262294182679413873e-03
1.233269750108500432e-03
1.210916320733897156e-03
1.192986949937664166e-03
1.176874178437796719e-03
1.159016483710713754e-03
1.144725779614648312e-03
1.135323476238323014e-03
1.104473502482181861e-03
1.088022764914244695e-03
1.070946000949903705e-03
1.058414731265123468e-03
1.041975474509165790e-03
1.029997933978146936e-03
1.000456255839310502e-03
9.925277358293379919e-04
9.849064746896183612e-04
9.802254371446665355e-04
9.542003995197666536e-04
9.432597999818133263e-04
9.321831912734183847e-04
9.243411904122550470e-04
9.151315928046105386e-04
8.946130452425094404e-04
8.909139317172423255e-04
8.845676446248227623e-04
8.718632893454068573e-04
8.659439052420536123e-04
8.539405569503151581e-04
8.443610713880685950e-04
8.297225563290330482e-04
8.279155275952199307e-04
8.224376155871120737e-04
8.054223876697317935e-04
8.009081452805136628e-04
7.921693409443674762e-04
7.785311674425594419e-04
7.765114187154435223e-04
7.642752077618367298e-04
7.564737938975114439e-04
7.478933177368884662e-04
7.404537395613712027e-04
7.390538746020214886e-04
7.331539079619029883e-04
7.222649779385208755e-04
7.206764097701451799e-04
7.190844286925984980e-04
7.114322269612341097e-04
7.062869507926716793e-04
7.016922218138928451e-04
6.859707257728576589e-04
6.805449226862425637e-04
6.746834121843387757e-04
6.657305445364363524e-04
6.632736126826684108e-04
6.602149319662436577e-04
6.575569595747786898e-04
6.467807418966482931e-04
6.448259320317014038e-04
6.362276505690544169e-04
6.316348480626136821e-04
6.280703595877930225e-04
6.205647861554044369e-04
6.134294646078757973e-04
6.079351636262556513e-04
6.058146175215029915e-04
5.989317372346520448e-04
5.969737794427590252e-04
5.936311621104055662e-04
5.867795762707004844e-04
5.845146911406486805e-04
5.819362849927255110e-04
5.765078541415403482e-04
5.686479295173339039e-04
5.663238758878015025e-04
5.557417107341876533e-04
5.527696518676353298e-04
5.496881720798950377e-04
5.482475652908435108e-04
5.423256898539278569e-04
5.391885488197984333e-04
5.362566266054141859e-04
5.290582122583372109e-04
5.239611763110205590e-04
5.209141268889391687e-04
5.180855000483060909e-04
5.130588217482134677e-04
5.093091462825295995e-04
5.042920946860875728e-04
5.037766451232239887e-04
5.012030000992173792e-04
4.948579113292459223e-04
4.929997264737625900e-04
4.923017396162938843e-04
4.862128492624016407e-04
4.841842128425582190e-04
4.818367560956807205e-04
4.776257425468274876e-04
4.755694513030291949e-04
4.742815662766605538e-04
4.718815373448434296e-04
4.638521042636097936e-04
4.604228113713897705e-04
4.572103502416373908e-04
4.540653180995760010e-04
4.529934691890435787e-04
4.504235893779473597e-04
4.463006177713589226e-04
4.431488340003820808e-04
4.397524685044075380e-04
4.366375079219424345e-04
4.334928594886030130e-04
4.321791784728508477e-04
4.269665760842079297e-04
4.257205217092191029e-04
4.256561102302031715e-04
4.222236304344381599e-04
4.171872723728670064e-04
4.166342080924085212e-04
4.142800562191429454e-04
4.121938088901825259e-04
4.109750803730720771e-04
4.072701870452260912e-04
4.053153163484209337e-04
4.048898989179775085e-04
4.021481771574979399e-04
3.977480976372528977e-04
3.964218336366317217e-04
3.949441909444716516e-04
3.909304366405053272e-04
3.889673513326615765e-04
3.853702100819560682e-04
3.840512258105802492e-04
3.813477070532659044e-04
3.803339233443310671e-04
3.784781279253184678e-04
3.733916979143772673e-04
3.728659505600893562e-04
3.707078306771409101e-04
3.697004937664379889e-04
3.680612485334948760e-04
3.676403330909037872e-04
3.616025701588212907e-04
3.598783444730653059e-04
3.575328074698466609e-04
3.548505787278444885e-04
3.513415702285044122e-04
3.509686166469836431e-04
3.487553461913547891e-04
3.480276609913123508e-04
3.473651878201948679e-04
3.428274612632615029e-04
3.408773496177858490e-04
3.392969337363898556e-04
3.366133616096448266e-04
3.359423923095734886e-04
3.343054374480003681e-04
3.340319587984267083e-04
3.314830615551409053e-04
3.295440720888008859e-04
3.275868486510656445e-04
3.240340098495780299e-04
3.229716764812574263e-04
3.211469450827993642e-04
3.209194468213459497e-04
3.163958296611494290e-04
3.147659437658068774e-04
3.141350601494552952e-04
3.127579646987959858e-04
3.114487294283211066e-04
3.086897304523715069e-04
3.062467746105880561e-04
3.039605954983856662e-04
3.021445419237136533e-04
3.005207058786756903e-04
2.978595577748958056e-04
2.971942477229149631e-04
2.949901111038109045e-04
2.937385211405445489e-04
2.912299538801288012e-04
2.894561122074457019e-04
2.867599625951915815e-04
2.845097841060269164e-04
2.833809183609026922e-04
2.827489131092860829e-04
2.813315261390810949e-04
2.807403691714090176e-04
2.785817960705508638e-04
2.778510587109002026e-04
2.764916766682093321e-04
2.751598206381328324e-04
2.735993621503560029e-04
2.716168147389487475e-04
2.697263616225619993e-04
2.681576609621641114e-04
2.675725546645939235e-04
2.644014873070639959e-04
2.633002519052988696e-04
2.619298834223810304e-04
2.608781945613579422e-04
2.594003925472413655e-04
2.584887168080743998e-04
2.575017845157391962e-04
2.550446034335871219e-04
2.536704138428466583e-04
2.526702529550099437e-04
2.517351986368306180e-04
2.501442666529613717e-04
2.481339201588010331e-04
2.472074701874121642e-04
2.453090525329475885e-04
2.438253321834457936e-04
2.415403358821383137e-04
2.407683066049739226e-04
2.391069709345666576e-04
2.383318415954132513e-04
2.373163394584344276e-04
2.355475408145896849e-04
2.349692736673510347e-04
2.325530534255193060e-04
2.315730615770795900e-04
2.305351208455733766e-04
2.292512271008995052e-04
2.282226572817560250e-04
2.262700606927646842e-04
2.246878276286355723e-04
2.235728440646521094e-04
2.227745901725097582e-04
2.213370804592686679e-04
2.178740488221889214e-04
2.175951028107173026e-04
2.157968494101428138e-04
2.150799795793193717e-04
2.139193796109073475e-04
2.135217607612933076e-04
2.129133020563832551e-04
2.103105732419758168e-04
2.097997782037183592e-04
2.084194055213831542e-04
2.078101075386190458e-04
2.075295185433193653e-04
2.051987757749562603e-04
2.044857298074047672e-04
2.036290326305486382e-04
2.026816288560435390e-04
2.002867168577336958e-04
1.995242532733617247e-04
1.976134848362910083e-04
1.968343122617733840e-04
1.943184662943826823e-04
1.938123897591056532e-04
1.933903215865592925e-04
1.917670042244300189e-04
1.907120698086107687e-04
1.890932973913198088e-04
1.887638469867359235e-04
1.883911360401123003e-04
1.864683719533871892e-04
1.862512983100500996e-04
1.846768697418853830e-04
1.837113872585016368e-04
1.820875132990085968e-04
1.805347732027601628e-04
1.788802400047769523e-04
1.787111263731524114e-04
1.778848464340233556e-04
1.758894413214372220e-04
1.745354380756228101e-04
1.736013117800483461e-04
1.722326316761402687e-04
1.719495699712705287e-04
1.715611249960261769e-04
1.697375101467540686e-04
1.687212099261396086e-04
1.678624032260575376e-04
1.666406343942488744e-04
1.650601818217999615e-04
1.641270834499757936e-04
1.636233952571259135e-04
1.631724070791158883e-04
1.617595713606209868e-04
1.603237204200964113e-04
1.594319960239601666e-04
1.585622290305194887e-04
1.583228369141417412e-04
1.570117888729601790e-04
1.561878106265759156e-04
1.558877604779134775e-04
1.544342624166736831e-04
1.531944064361733427e-04
1.529099141058827126e-04
1.517666684316099047e-04
1.511534517038298927e-04
1.508027752273166503e-04
1.501778390029751226e-04
1.495693631095862126e-04
1.489481228209236358e-04
1.478907608256463488e-04
1.475766855303304031e-04
1.467176150354066485e-04
1.461292724679661272e-04
1.450654733533094786e-04
1.449213446359242134e-04
1.443170987079835533e-04
1.439594556737036125e-04
1.431806938664943664e-04
1.426478589261046166e-04
1.422655363822324744e-04
1.418839141612223168e-04
1.411774942618270032e-04
1.406766470580645518e-04
1.404579030354016918e-04
1.397799270551445150e-04
1.395377490510917040e-04
1.385485093427209430e-04
1.384591260791815564e-04
1.379394203939797274e-04
1.368231776913558524e-04
1.362328287991731914e-04
1.359566226674822291e-04
1.352026693754923017e-04
1.345947619558853555e-04
1.342107556936326745e-04
1.338520657534135428e-04
1.336211020631155547e-04
1.329083144429654218e-04
1.325703743413813652e-04
1.320845914382110734e-04
1.320417201430814573e-04
1.318200037035624896e-04
1.309677358103962367e-04
1.307430788144288924e-04
1.302222383510722380e-04
1.299992791027744477e-04
1.295925215334780948e-04
1.293717493731924649e-04
1.288253739310059516e-04
1.287416241076694951e-04
1.282567722987160402e-04
1.278932765934265921e-04
1.276612613673154279e-04
1.273846170912545049e-04
1.270391193865059857e-04
1.265895510876997019e-04
1.262809033723119232e-04
1.260737639911482962e-04
1.256641915210592335e-04
1.256007596810757129e-04
1.250675330684213819e-04
1.246066530192701475e-04
1.243641596156059334e-04
1.239999206075901228e-04
1.238752083912353277e-04
1.232941872402584023e-04
1.229059285287318790e-04
1.226695513286224590e-04
1.223611636828847676e-04
1.219044863997608449e-04
1.217156930935427188e-04
1.215459487866736463e-04
1.209481759143464524e-04
1.208018171540693021e-04
1.205271713991442603e-04
1.202261339654807278e-04
1.200700282481413959e-04
1.199334731420196958e-04
1.197201353265203743e-04
1.193463858065467903e-04
1.191709087754385001e-04
1.189387844081716281e-04
1.186687304236995748e-04
1.183454572323125648e-04
1.181073503454579119e-04
1.180012901447905963e-04
1.176030905165378063e-04
1.171720894816795215e-04
1.170808416087394020e-04
1.167664798347097530e-04
1.166297575291610469e-04
1.163524870073954435e-04
1.162068751421288000e-04
1.157766321751101227e-04
1.154931770928662371e-04
1.152725093336251792e-04
1.151074036334657970e-04
1.147883588913665894e-04
1.145852280712719663e-04
1.143782347708131907e-04
1.143215739162255164e-04
1.142519602369176094e-04
1.140281459954395332e-04
1.136926213032661678e-04
1.135738289186308839e-04
1.133510577348596917e-04
1.132054748125871000e-04
1.129890347923307988e-04
1.124476975771424557e-04
1.123838566923564161e-04
1.121191487474951985e-04
1.119638995341453033e-04
1.115509580955259040e-04
1.115163123604788801e-04
1.112970526909737784e-04
1.112050451514871397e-04
1.108999966774785551e-04
1.108062278893908934e-04
1.107047643522666227e-04
1.104071237788188344e-04
1.102496036991372513e-04
1.099843455702952620e-04
1.099118423535943190e-04
1.097900621461912057e-04
1.094542301755941602e-04
1.092933149390875301e-04
1.091870386245709319e-04
1.089336682272646278e-04
1.088566784081982595e-04
1.087859074785260498e-04
1.085074755045051383e-04
1.083871621981724457e-04
1.081782155786958655e-04
1.080491481464261925e-04
1.078038456642578291e-04
1.076765253515621834e-04
1.075147942081385868e-04
1.074245006837640004e-04
1.073584188029991275e-04
1.072334172544392873e-04
1.069299253137292224e-04
1.068111597285524241e-04
1.065293339080892711e-04
1.063957875735308060e-04
1.063756196623870192e-04
1.061282273608714875e-04
1.058129638979194310e-04
1.057618878485483492e-04
1.055215890852060116e-04
1.053770250298467705e-04
1.053116562430559040e-04
1.050594666436626876e-04
1.050283735918987072e-04
1.047318624057544861e-04
1.046478348485252609e-04
1.045783397902109969e-04
1.042853238657771549e-04
1.041412118449044298e-04
1.040685294495273180e-04
1.040008280752073697e-04
1.038668844486658063e-04
1.036929956243093788e-04
1.036115672193641646e-04
1.034245950650526712e-04
1.032639484600739247e-04
1.031913925830991351e-04
1.029755877462880766e-04
1.029033241628707547e-04
1.026209583773936024e-04
1.025731514336760054e-04
1.023781780678547336e-04
1.022803200625182671e-04
1.022025675735320591e-04
1.019189186014092356e-04
