9.155463442222185055e-02
6.951023091241922969e-02
5.001030915497354373e-02
3.168686154765894963e-02
2.307802834777357773e-02
2.082270963527568450e-02
1.729534825101591150e-02
1.259786769102136210e-02
1.145861924535384289e-02
1.090554550384157870e-02
9.473951714732690987e-03
8.804536654506952068e-03
7.612427959522862810e-03
6.923089475871924657e-03
6.371187838673316936e-03
6.184746360243836144e-03
5.657263935364686795e-03
5.544966966849695922e-03
4.893011562170747515e-03
4.608647997870701438e-03
4.428049569029789308e-03
4.204303337297078669e-03
4.163903515939391953e-03
4.037307666045026819e-03
3.964434883120130163e-03
3.917714801783002930e-03
3.821114215661966171e-03
3.717299937612947650e-03
3.642313079871084026e-03
3.520874633301388119e-03
3.481494452077057988e-03
3.331321465728002539e-03
3.278793525702360014e-03
3.168365649309054250e-03
3.127693122342621677e-03
2.936387610421264255e-03
2.927591538310925137e-03
2.874848614128907177e-03
2.852261607480463968e-03
2.833358832314312320e-03
2.791605910093439367e-03
2.763388988505923686e-03
2.736179324244689733e-03
2.677858680578036176e-03
2.642940998049752091e-03
2.564687456821538453e-03
2.547201091659392121e-03
2.512900691739831417e-03
2.496888101032883507e-03
2.447318989437981610e-03
2.415906307552603393e-03
2.388595034911632047e-03
2.382258691671411063e-03
2.348413671596456115e-03
2.318388123244730179e-03
2.282790363850282622e-03
2.263749785124522917e-03
2.231372635396869798e-03
2.204576183624498611e-03
2.183864093039290018e-03
2.156001633042710103e-03
2.147993077682798947e-03
2.142975170554013709e-03
2.132736536430973086e-03
2.117481964942358273e-03
2.099464673345755126e-03
2.076187519617229190e-03
2.046609050231634839e-03
2.035546142567073221e-03
2.002948221342522057e-03
1.993501103111334962e-03
1.981823834199787984e-03
1.970190182480821388e-03
1.943341204609696279e-03
1.908891884524790451e-03
1.905969750874865086e-03
1.905241184409487473e-03
1.879378059092925773e-03
1.866008967273784236e-03
1.852647187465637215e-03
1.843354766142886502e-03
1.836689367593671287e-03
1.823254374332626809e-03
1.801085984619937028e-03
1.789655300298135339e-03
1.783475611821970768e-03
1.774958171415453971e-03
1.756649465186524168e-03
1.747745326892894031e-03
1.732080123189909003e-03
1.719159717209115933e-03
1.706320311493232352e-03
1.683749585409772534e-03
1.668889954750634027e-03
1.658205857349138350e-03
1.652450518167266876e-03
1.638278915508601177e-03
1.631474271078814722e-03
1.618036302870273129e-03
1.598454444385952102e-03
