9.165882930431561160e-02
4.563859459129521179e-02
3.606838870425971288e-02
2.133974226285073258e-02
1.444416278198024962e-02
1.079456637497825874e-02
1.008905973106662135e-02
8.117625454026873230e-03
7.121907749360886081e-03
6.180884755605128150e-03
5.439873899834408826e-03
5.336208215000519395e-03
4.698770078971274515e-03
4.045743269844227774e-03
3.834387097152614811e-03
3.799461885126606629e-03
3.555363637335669669e-03
3.509522122969980715e-03
3.180722799399232983e-03
2.964269292254658253e-03
2.885687417299889149e-03
2.846293299511840416e-03
2.712467364920310205e-03
2.634216599956423072e-03
2.517504165075209847e-03
2.498556859207260762e-03
2.460101778669471044e-03
2.401126445872258340e-03
2.354423495225060198e-03
2.321913588421870792e-03
2.248619381659835992e-03
2.196765647664889864e-03
2.123955647661636848e-03
2.101740776909142867e-03
2.056530849500303425e-03
1.992222543725425451e-03
1.981552853943231805e-03
1.956315183507103313e-03
1.936963350305139159e-03
1.909260027117516646e-03
1.868453662266261099e-03
1.852144380095248908e-03
1.812894687315491854e-03
1.791228233213997337e-03
1.771515409343122315e-03
1.750934787550328985e-03
1.748533418956850147e-03
1.711725735490581945e-03
1.705780322043910693e-03
1.691116757834889997e-03
1.659617919829328540e-03
1.643899104922037519e-03
1.622161756065833207e-03
1.610954516590356591e-03
1.599592985390002175e-03
1.587801008937320514e-03
1.576861161224232463e-03
1.552115443751527022e-03
1.534979922828950093e-03
1.520446086787838585e-03
1.514030998768353155e-03
1.502594234437631526e-03
1.487800812185553030e-03
1.482513458756106210e-03
1.464838182973307720e-03
1.451465234509613208e-03
1.443621600150423899e-03
1.435812855374819222e-03
1.416644741077485942e-03
1.398698183938040449e-03
1.384829262081015058e-03
1.379053880632554385e-03
1.368065681360564447e-03
1.358631511110324755e-03
1.339515051772196446e-03
1.331775488128569352e-03
1.324661259443158561e-03
1.315994337615805773e-03
1.304630599435298906e-03
1.290783132405340155e-03
1.287722319933038003e-03
1.279963993771807747e-03
1.263382161084221009e-03
1.257917186751473983e-03
1.243139585105125034e-03
1.239532357229852690e-03
1.227355065198595290e-03
1.214732588905997153e-03
1.204574796357977097e-03
1.188953087854285667e-03
1.188046875546238702e-03
1.176668661574975646e-03
1.171176191205632175e-03
1.168133041147066892e-03
1.160493117980212043e-03
1.152684075495642464e-03
1.140601773906273035e-03
1.133916332978969271e-03
1.125128054331748281e-03
1.117273217777830716e-03
