4.755662419561224735e-02
2.275277149890961650e-02
1.393674226376242012e-02
1.109360716314818258e-02
6.730179039496912013e-03
5.558201061834696678e-03
5.385326205723728159e-03
4.008250369505783270e-03
3.686468949704103590e-03
3.480719435510839805e-03
3.149412969886903300e-03
2.845858022844967392e-03
2.522662947102199786e-03
2.460008516555011512e-03
2.259827758831753786e-03
2.130669669639921170e-03
2.022226922475196722e-03
2.001766439476160633e-03
1.843536097636639661e-03
1.706137292481909934e-03
1.671603282587104779e-03
1.611238583977190903e-03
1.520293311537302718e-03
1.497240544357949935e-03
1.478098541902762636e-03
1.433778258355105457e-03
1.411047004213284144e-03
1.384618861406617047e-03
1.348387948166679222e-03
1.316076945100730757e-03
1.274105267746194993e-03
1.224344730190613743e-03
1.201126572291081772e-03
1.182621458253564455e-03
1.158586086581749226e-03
1.140542972594122458e-03
1.128612447664287775e-03
1.106142001637938762e-03
1.094638752972863088e-03
1.089628363836911374e-03
1.071745862095553397e-03
1.041793844380735313e-03
1.028493053297034870e-03
1.012505128208782482e-03
1.002597378961737895e-03
9.776963806845217868e-04
9.561527588144674676e-04
9.408184494455007311e-04
9.227345458860253258e-04
9.140317867700851074e-04
9.081366561550219523e-04
8.998706529066638352e-04
8.828919447613418729e-04
8.761324662032646390e-04
8.721191039044412334e-04
8.621845962172817058e-04
8.496318812889837356e-04
8.450926958670772638e-04
8.317479958320677172e-04
8.283765351306030499e-04
8.112182058200434606e-04
8.023899298656205154e-04
7.820529976533209440e-04
7.770798744820113990e-04
7.703143637969015909e-04
7.622927317009230760e-04
7.545346642706448476e-04
7.447575624390790055e-04
7.370344723719326032e-04
7.251611663036533484e-04
7.239513301442635114e-04
7.219983331030761092e-04
7.172252748281243880e-04
7.040294417283724177e-04
7.000449880493908204e-04
6.866087942161741738e-04
6.779320172180254133e-04
6.769304464811069268e-04
6.723333806605662211e-04
6.656586329098449373e-04
6.612435123750007695e-04
6.504446341186161454e-04
6.467659720111898448e-04
6.450014840973994010e-04
6.409676302804820933e-04
6.313345355118978432e-04
6.269413981148352607e-04
6.227777180640490075e-04
6.193142457140072329e-04
6.185379137974653802e-04
6.104288888398092536e-04
6.056344030206266054e-04
6.023344306613661030e-04
5.972761711460282223e-04
5.868903152978109314e-04
5.851851765566934210e-04
5.768203330287446874e-04
5.728474077659392047e-04
5.689856818823103152e-04
5.639378705476397581e-04
