6.676221868385349978e-02
2.513790357349793281e-02
1.471853001647883789e-02
9.510637943317634679e-03
7.759778219371774380e-03
6.061941067247074606e-03
5.827960034814937476e-03
5.051944946656473749e-03
4.455831292507888945e-03
3.917267315009948132e-03
3.551109048114203370e-03
3.235072758637983891e-03
2.800004597375999830e-03
2.636352987364062265e-03
2.583282567176443077e-03
2.336409548337318488e-03
2.311839530295157607e-03
2.169402054171857067e-03
2.119040033968751843e-03
1.890705787040702478e-03
1.865611374104288872e-03
1.799648901916290613e-03
1.715569669068958344e-03
1.698906103432730507e-03
1.643934267905666725e-03
1.593163789960691350e-03
1.542442198398025861e-03
1.503883376773259639e-03
1.468668236168854018e-03
1.436899567611796920e-03
1.434290904615765716e-03
1.400990633163786119e-03
1.372286953893106553e-03
1.353957249877002370e-03
1.340200311521636337e-03
1.317702775718355241e-03
1.276415043702377149e-03
1.247217994204352642e-03
1.224194791419157486e-03
1.214915129503226941e-03
1.192655893086250933e-03
1.184229155672029922e-03
1.149995854280405974e-03
1.134423251949027685e-03
1.118682835765908920e-03
1.112334012334509912e-03
1.104450911702780855e-03
1.074424578962541793e-03
1.060087593170111258e-03
1.056986892166136534e-03
1.043223174911530812e-03
1.015012513488018847e-03
1.009285895667084510e-03
9.867118169655361617e-04
9.822428362434995012e-04
9.648080474304494836e-04
9.566517796186286464e-04
9.505686973922018723e-04
9.343651738214888217e-04
9.281037863649428893e-04
9.159776388280178308e-04
8.964786408729012203e-04
8.924500015279286441e-04
8.890641099247123015e-04
8.751533173450515377e-04
8.634086827819352364e-04
8.502527239044031272e-04
8.485819288145188396e-04
8.450364275218492666e-04
8.357019785479722533e-04
8.117052707722511055e-04
7.986545365139930503e-04
7.930000456821561681e-04
7.891413402363641871e-04
7.833314268571140663e-04
7.752577467542390733e-04
7.677057522674547458e-04
7.599458762310659383e-04
7.520133302719027605e-04
7.402982900480592661e-04
7.392927939908788045e-04
7.328902347092136919e-04
7.223759355541258496e-04
7.195041979248878927e-04
7.152201080338648669e-04
7.084944863491299651e-04
6.959698153940508400e-04
6.924059645633698183e-04
6.872488582136854511e-04
6.829433115156171045e-04
6.779216045693049406e-04
6.685744070259431278e-04
6.647231017534397518e-04
6.593107350170174935e-04
6.506217674325005676e-04
6.490159752738549129e-04
6.465325422680686740e-04
6.394808587681915374e-04
6.367222520365808892e-04
6.315662206257536323e-04
