7.935848554620578144e-02
2.805189941946346910e-02
1.670166195095781209e-02
1.038371626539386257e-02
8.210642560283599664e-03
6.847406258387921628e-03
6.153533367677308831e-03
4.967716811272269474e-03
4.670453487000855199e-03
4.083090613762213952e-03
3.714604072413440084e-03
3.244679631496860325e-03
2.776519088514171982e-03
2.720572399418301913e-03
2.512228569145358043e-03
2.384187604411989059e-03
2.345078727114387369e-03
2.220617870831590682e-03
2.103776187165989648e-03
1.967442023526751529e-03
1.889041250138794384e-03
1.857775191464575626e-03
1.754276686806557949e-03
1.707256554451461400e-03
1.655882958414151875e-03
1.609746417512498756e-03
1.549005636069333055e-03
1.537790189749679327e-03
1.508021141356417254e-03
1.478208266925697643e-03
1.463386989995163652e-03
1.425471527730236667e-03
1.373804065463607579e-03
1.342316519191226985e-03
1.313601196759446371e-03
1.308290933345916760e-03
1.298798927522672045e-03
1.274151541415305660e-03
1.259156178817037990e-03
1.242213580251530025e-03
1.223192233576472516e-03
1.210751486354864513e-03
1.186140877086191460e-03
1.169837239129272333e-03
1.155916416582429248e-03
1.144917722460840571e-03
1.124830692909725097e-03
1.101914212337956958e-03
1.087560635336800316e-03
1.077145492727211518e-03
1.072702058943842025e-03
1.070093790669952513e-03
1.052011838319111010e-03
1.040782595119854083e-03
1.026153161558522988e-03
1.008685578207140637e-03
9.972982614976468648e-04
9.954302120080309787e-04
9.772606330907135114e-04
9.732730971549830370e-04
9.661802102602094940e-04
9.432112665461222026e-04
9.407435036973421519e-04
9.339952284535317723e-04
9.272988080122149821e-04
9.220408670037607245e-04
9.163554280029171696e-04
8.967332011186015172e-04
8.893246298378831675e-04
8.841855210526085090e-04
8.741940423268725969e-04
8.610619595342302712e-04
8.534343848049968147e-04
8.465831419740392234e-04
8.342966342527897159e-04
8.310546077855023896e-04
8.234173002748942580e-04
8.167189946331659999e-04
8.125091113331174173e-04
8.104241931561681619e-04
7.970972754829435064e-04
7.885259617819554995e-04
7.876275035522655853e-04
7.795420144092131192e-04
7.751029076337260506e-04
7.679729663425914621e-04
7.587254879421887399e-04
7.583237754432924603e-04
7.480431106758002237e-04
7.460962503405138557e-04
7.413915610488720645e-04
7.341196675543739574e-04
7.306114084721841793e-04
7.245885523493257509e-04
7.183466138595701869e-04
7.156856080120171200e-04
7.114167642730640862e-04
6.999028311754936340e-04
6.953095643328220839e-04
6.860600180069061343e-04
