9.757227293759150599e-02
5.592791943273636712e-02
4.958050754962230883e-02
2.786466883986502691e-02
1.889480808337811943e-02
1.611450294438888931e-02
1.447257329585965521e-02
1.118347347211590646e-02
9.634560659001974864e-03
9.070589430235665232e-03
7.596117417849192199e-03
7.394670044300884898e-03
6.330307185539073116e-03
6.046732701193427949e-03
5.622778773030643121e-03
5.235017936413963527e-03
4.965654128696954904e-03
4.649294675800677568e-03
4.164475936751768116e-03
4.011739423869706105e-03
3.915945480840778321e-03
3.737536860238708895e-03
3.700576031259155546e-03
3.476604883770576145e-03
3.424612571782274361e-03
3.361049815448964497e-03
3.319223466369173800e-03
3.249200393335713657e-03
3.117442408610297724e-03
2.996508496679224382e-03
2.921839407653898778e-03
2.882226103654207932e-03
2.865335206268790347e-03
2.805144342284725603e-03
2.743831881624511637e-03
2.670475679619066164e-03
2.628891643390147536e-03
2.560898796232823418e-03
2.547137756408177078e-03
2.491584161369103222e-03
2.483902416168780498e-03
2.412777118611502628e-03
2.349251269472613177e-03
2.311102281536751152e-03
2.271932705254273762e-03
2.251104613991296039e-03
2.236104595810316925e-03
2.187983939099787199e-03
2.156467376041946299e-03
2.134252370635252635e-03
2.113840319529743886e-03
2.077031928167510314e-03
2.069155716833334050e-03
2.033288810423793894e-03
2.024794626612462772e-03
2.003244845454638969e-03
1.973844736635698826e-03
1.953090504054059333e-03
1.929237509643122071e-03
1.913294493764209053e-03
1.887068294276442832e-03
1.879115605369602099e-03
1.852826975223298726e-03
1.819729428551104073e-03
1.811417071529905108e-03
1.800198067495633898e-03
1.786681865920470560e-03
1.768438607964418173e-03
1.761904341662480977e-03
1.738374009863631825e-03
1.719969932181820245e-03
1.699761486499196117e-03
1.683806580678279697e-03
1.668620816569709201e-03
1.649180747205223349e-03
1.637446000129963181e-03
1.621536653129275300e-03
1.612845104397377799e-03
1.598393741327664656e-03
1.590844368073508200e-03
1.578719449136072430e-03
1.548166504456206533e-03
1.538960165645573454e-03
1.515841366680267506e-03
1.506062312174499644e-03
1.501347314752683867e-03
1.493120005208759980e-03
1.477289224201387609e-03
1.466987166151793387e-03
1.461066285499254460e-03
1.446071055007546640e-03
1.431114852957843285e-03
1.426142210768940530e-03
1.412245164634107035e-03
1.401817804745883510e-03
1.382753116604680576e-03
1.370866763307828718e-03
1.365619775453661127e-03
1.351758937919904716e-03
1.345747739960544446e-03
