9.351490003966653197e-02
5.032895044851610350e-02
3.839697697065445892e-02
2.249085232315654881e-02
1.518562081876774147e-02
1.209235795635779653e-02
1.093762542930278546e-02
9.356220338247083282e-03
7.957934007617179298e-03
6.776312961825599682e-03
6.100361485827102831e-03
6.017883782988360693e-03
5.483048193915370655e-03
4.682990099257059759e-03
4.420368835303357773e-03
4.133749190080445238e-03
4.018018870829410255e-03
3.830125817436011004e-03
3.682783234499224963e-03
3.412230149138469840e-03
3.297111183027295282e-03
3.174897467834666715e-03
3.011007618193194992e-03
2.886304305269709811e-03
2.848580608035113440e-03
2.776900705892057595e-03
2.753064960214133411e-03
2.661172386505293325e-03
2.552238902815633093e-03
2.513694862142391677e-03
2.493358525533740863e-03
2.315741557490257584e-03
2.279244262374401867e-03
2.243051411895812843e-03
2.211326740456499938e-03
2.176133644716505677e-03
2.146645616992995300e-03
2.111510295796505381e-03
2.094194113721721887e-03
2.048819854615639442e-03
2.031264587654194043e-03
2.000037174730001383e-03
1.965883877379255486e-03
1.950380599533652580e-03
1.914600786632954113e-03
1.890406466510741786e-03
1.859731187099808621e-03
1.833527554328129782e-03
1.794685923914076178e-03
1.790052577309746758e-03
1.758243309505480752e-03
1.736597143797714285e-03
1.723165974333799649e-03
1.712360908595809061e-03
1.694144344366017114e-03
1.677198041696923662e-03
1.664799297843409884e-03
1.648774192659433748e-03
1.632857532422631085e-03
1.623284466160947095e-03
1.594873899982736029e-03
1.584181607085504090e-03
1.569239265171483129e-03
1.552138936404756902e-03
1.535909207772107694e-03
1.522901304187750625e-03
1.520616300060268758e-03
1.500572847993683449e-03
1.480255642460875714e-03
1.468578361091860953e-03
1.451479390433928988e-03
1.438701594721210559e-03
1.429547753853300726e-03
1.424193868236203449e-03
1.409691886755679111e-03
1.398224612266168315e-03
1.390995101163561157e-03
1.369304176368169208e-03
1.357514784338978301e-03
1.345222542604176084e-03
1.342203249592188426e-03
1.323628429156891752e-03
1.310582711373903600e-03
1.299482691076469295e-03
1.292433337391133428e-03
1.282525281211230155e-03
1.268002715978869136e-03
1.252065527199306685e-03
1.239073568217301594e-03
1.231721595155842652e-03
1.225688814719926457e-03
1.218730488795858940e-03
1.212373203003872923e-03
1.200981204883902649e-03
1.184671179291489629e-03
1.180645697579234743e-03
1.173171479970563924e-03
1.158577484265344015e-03
1.152186527539367364e-03
1.139156184635021791e-03
