7.240561707022796778e-02
6.759751721534028313e-02
4.800567917316295175e-02
3.424254849866999878e-02
2.882163620245985214e-02
2.693188844097508736e-02
2.299123379083347143e-02
1.730367645707911808e-02
1.536513710124521800e-02
1.447338218425589865e-02
1.398087781303395359e-02
1.204112001765849684e-02
1.128702011369514882e-02
1.080654478157427358e-02
9.624384931610805577e-03
8.993035404648411918e-03
8.320723830703658994e-03
7.903549463904540814e-03
7.647183236022914860e-03
7.314852632525430630e-03
6.942085139523748206e-03
6.551140879461656713e-03
6.238298543492430508e-03
6.028726373942293673e-03
5.785613206886968708e-03
5.574809669613147063e-03
5.306162768275252996e-03
5.168955027533305747e-03
4.999448476434520394e-03
4.821639834016526807e-03
4.715269181650590634e-03
4.611690124218834758e-03
4.542341108789755069e-03
4.470931121360819001e-03
4.349519692876196997e-03
4.277848764817584158e-03
4.154057017558437405e-03
4.047024998651685412e-03
4.002386864126510936e-03
3.971640864489611213e-03
3.874575280957140259e-03
3.837917141844029729e-03
3.734722906112817372e-03
3.662283879926109958e-03
3.611806164697656946e-03
3.575998138846298979e-03
3.527219549794234285e-03
3.467548126082541527e-03
3.429599390153285302e-03
3.316343546121186710e-03
3.281161948046036093e-03
3.232598153653609523e-03
3.212104527739791018e-03
3.172539843766552983e-03
3.088212435524766760e-03
3.057312846897173447e-03
3.040037297904897139e-03
3.023664072298825039e-03
2.974036753151218255e-03
2.895369979278961375e-03
2.879579360484325716e-03
2.828011140064281420e-03
2.782985049523664656e-03
2.762285977852432014e-03
2.722446879901042113e-03
2.699996895258355376e-03
2.681089121473257016e-03
2.659208646981357956e-03
2.640927953319857895e-03
2.609985273032412647e-03
2.585832789983285532e-03
2.567557175371690953e-03
2.552034473893187612e-03
2.510789721477640467e-03
2.482831889855597208e-03
2.434311951637986061e-03
2.407107654133146864e-03
2.399628434634735758e-03
2.382843705615583264e-03
2.376256949675655157e-03
2.357917493656538563e-03
2.333808052075158571e-03
2.322943279772074054e-03
2.293426459640083258e-03
2.265916361569228748e-03
2.249420347260485363e-03
2.237446887146959766e-03
2.221349323781556320e-03
2.206761916679859416e-03
2.186626351810324904e-03
2.179544303930660860e-03
2.152608069163116505e-03
2.139603902834228289e-03
2.121126090176503071e-03
2.089461481991258893e-03
2.085706237143241347e-03
2.069837428854595218e-03
2.051747955772830270e-03
2.040078845762192342e-03
2.021358945492392721e-03
