7.810007510063275704e-02
3.873041922772680473e-02
2.225205148137223907e-02
1.578046851836972450e-02
9.646416462858886307e-03
7.766068152573524230e-03
7.569405765270278974e-03
6.248328159836660442e-03
5.717137357568478039e-03
4.983096972992736087e-03
4.437624181109209483e-03
4.167932844092203312e-03
3.762906949301505783e-03
3.556488757492079055e-03
3.090050332415639287e-03
2.910662420792619557e-03
2.770310158504196534e-03
2.730410505859646227e-03
2.536131066354765495e-03
2.434455061017041545e-03
2.415476151733707364e-03
2.383273552167632352e-03
2.217230707873006027e-03
2.188297087006641981e-03
2.136863432419709979e-03
2.056278098801548031e-03
2.007619340016991109e-03
1.933022318926876180e-03
1.910620245295407494e-03
1.837967707506303790e-03
1.795800257659446687e-03
1.755152138744074013e-03
1.728886918113521414e-03
1.693966542851774691e-03
1.680813698116778764e-03
1.655886956901182934e-03
1.606500760582917032e-03
1.586145791816509889e-03
1.540338489329413181e-03
1.535257999554697200e-03
1.514397925052963492e-03
1.497461246644198616e-03
1.462360752061354170e-03
1.452254098687160268e-03
1.430139353322002274e-03
1.406745356080866226e-03
1.396770498486993306e-03
1.392267410775995017e-03
1.379244761842358686e-03
1.368645713352206663e-03
1.344184018963250028e-03
1.321696808272483691e-03
1.305620040562256202e-03
1.294421689767132327e-03
1.284352557445359944e-03
1.271260102736109735e-03
1.259762445994025339e-03
1.225504259477849887e-03
1.221202080797485464e-03
1.216585041424264688e-03
1.203200101510340904e-03
1.196031000415931789e-03
1.177975180633805165e-03
1.171845495034854389e-03
1.158479843902214404e-03
1.146060131694435266e-03
1.140963451313477955e-03
1.117840902550675626e-03
1.109443541999853089e-03
1.096354714645468142e-03
1.087129712258119068e-03
1.085334479288295548e-03
1.066030720298687812e-03
1.060831749331213976e-03
1.053867125635386424e-03
1.041151855460561472e-03
1.031177176220378659e-03
1.022084454985265319e-03
1.006095012242016031e-03
9.984981664266138167e-04
9.954321015454346919e-04
9.866595593592795716e-04
9.794025902283259432e-04
9.760680480826725751e-04
9.624669848447707683e-04
9.512066936454016556e-04
9.505088382234182752e-04
9.455994752231687431e-04
9.320668953290444682e-04
9.274485530913965632e-04
9.215444116986811667e-04
9.091871650898908624e-04
9.068744710849283410e-04
8.955171774407486972e-04
8.847877060732117771e-04
8.801229846507051561e-04
8.686453349699443894e-04
8.579609350903475524e-04
8.508860218959436337e-04
8.463994776281044512e-04
