5.653029473550662265e-02
2.455120301478014647e-02
1.402348778032813138e-02
1.154431967258465717e-02
6.945414244074379212e-03
6.167406377710235761e-03
5.470894558866386780e-03
4.044257908841487198e-03
3.868466412945157761e-03
3.772166207337453604e-03
3.006728002298735599e-03
2.682824218889426002e-03
2.391529986135994788e-03
2.307096923692319914e-03
2.129406968138224891e-03
2.093449558948341869e-03
1.966763253967666620e-03
1.821243626808699946e-03
1.744141324387700779e-03
1.677771422952480107e-03
1.587283058096731082e-03
1.564964458582308480e-03
1.493565203924999583e-03
1.451954686608707048e-03
1.408089756808998238e-03
1.385887332239244723e-03
1.336024922825921040e-03
1.290724235557766907e-03
1.288632605700371862e-03
1.257877745332094347e-03
1.214646356327359544e-03
1.197215707893327461e-03
1.182690049953978584e-03
1.160019185282959529e-03
1.134764563991376950e-03
1.116334228788723503e-03
1.097894622053718515e-03
1.088667555004541867e-03
1.078459194628217117e-03
1.050722261255002902e-03
1.035849697394700076e-03
1.016122031580099375e-03
9.907635073879400133e-04
9.844553425419810735e-04
9.669983000770615610e-04
9.621208943074847399e-04
9.462695676563471830e-04
9.408857991540282460e-04
9.236315383504555302e-04
9.072954556837731785e-04
8.978768382631441541e-04
8.899987821625478636e-04
8.881766342635319562e-04
8.787295204827497500e-04
8.709425117421969956e-04
8.575013811767777383e-04
8.466112641786215131e-04
8.450241005707642738e-04
8.374761368560370038e-04
8.235154351906964461e-04
8.105236275606138860e-04
7.988028779359366638e-04
7.919941891657182121e-04
7.878682428761667146e-04
7.839735666553825392e-04
7.786148320959268392e-04
7.702436256017557202e-04
7.564756831768087953e-04
7.520791860055554747e-04
7.488552320160045926e-04
7.366554148464064811e-04
7.340853100637367195e-04
7.274692126316043917e-04
7.239061949436580764e-04
7.194960265488807398e-04
7.102737684745696585e-04
7.056799499791224567e-04
6.984415791662759764e-04
6.907169475585426622e-04
6.850353646420263886e-04
6.765810736144329011e-04
6.696546245312418218e-04
6.671500718105372605e-04
6.633444304363314992e-04
6.550566140457737526e-04
6.520966377686151670e-04
6.475680671290787215e-04
6.436548246771931934e-04
6.407212547889273900e-04
6.345209870479160200e-04
6.324037845118224985e-04
6.226097255398467230e-04
6.187157337930263836e-04
6.126464074536747519e-04
6.048830204859639067e-04
6.018363960230512823e-04
5.963271042850422018e-04
5.948107871541662628e-04
5.935553695087341080e-04
5.871930448911191021e-04
