6.719327092706417481e-02
2.921973661478055595e-02
1.635508747866417506e-02
1.284545578337304393e-02
7.801912232321237158e-03
6.823799305389988655e-03
6.042752614296958980e-03
4.787762197250942237e-03
4.453594322058897735e-03
4.344471454550817048e-03
3.292374096130542150e-03
3.184791445581881906e-03
2.715361403313985410e-03
2.577864099072216166e-03
2.463908266628099704e-03
2.349264982648744272e-03
2.241242978327227450e-03
2.095912410582328241e-03
1.947421930636155122e-03
1.926031566412337963e-03
1.861938759532453906e-03
1.823782575680960938e-03
1.685379060191790008e-03
1.672534662515758877e-03
1.598810837916957595e-03
1.575581645432620271e-03
1.546263555394497297e-03
1.522369461664815297e-03
1.471341717839614281e-03
1.438375225179507185e-03
1.399534796903637718e-03
1.384309203445177605e-03
1.332622057650481931e-03
1.323440364884904789e-03
1.307848443149695885e-03
1.295648513063851325e-03
1.253351837641182315e-03
1.242525086897332178e-03
1.233814977020211007e-03
1.204799656506690261e-03
1.193801990709573383e-03
1.171277263506923395e-03
1.159941976168041419e-03
1.141129962448612402e-03
1.123164355784345408e-03
1.117304343859806034e-03
1.111790659209970552e-03
1.087936459171142799e-03
1.072988279831344274e-03
1.064892466254806691e-03
1.054785267402093664e-03
1.044322468949157156e-03
1.038566582003280520e-03
1.031156503006253273e-03
1.027298285017516589e-03
1.007693753694287146e-03
9.972756656241173970e-04
9.878576683892959214e-04
9.769010484857048888e-04
9.635155487254579414e-04
9.583893209260349079e-04
9.476297170369948463e-04
9.356193225125888479e-04
9.278373831349014502e-04
9.212551948691343395e-04
9.146077393316040830e-04
9.008959144256292653e-04
8.935489026348876008e-04
8.909912815773154407e-04
8.847833914585372323e-04
8.697486456669958291e-04
8.675360890760800857e-04
8.619617517844560409e-04
8.475927374093570861e-04
8.399495590071430831e-04
8.358463982380366294e-04
8.324310912126714349e-04
8.257396191477563152e-04
8.206731837118324841e-04
8.166870128139071304e-04
8.077800001358801524e-04
7.995720844529268781e-04
7.930804632886294002e-04
7.893806502434629231e-04
7.827182401225566679e-04
7.741420624430079200e-04
7.672506440261153433e-04
7.607474207875378289e-04
7.567591628756131393e-04
7.528438539808797198e-04
7.442100986152566178e-04
7.353582195291604503e-04
7.303282623032351538e-04
7.228334270340602222e-04
7.160243767615389601e-04
7.113933240479710166e-04
7.050018201183145357e-04
7.021825811919168384e-04
6.989118208264643922e-04
6.886392384025923769e-04
