1.071431266106256663e-01
4.316933486701578920e-02
3.568635678987172599e-02
1.810145244257447758e-02
1.462069635659605377e-02
1.212487588808624020e-02
9.944644288043931468e-03
7.398461535096480420e-03
6.978080751408505082e-03
6.427354370303474222e-03
5.763218658695006165e-03
5.512151495698594007e-03
4.459380352716617833e-03
4.073666342071209125e-03
4.032389219265799900e-03
3.794611238243632539e-03
3.472799395104366697e-03
3.294467722412853638e-03
3.228077106393070338e-03
2.996148478487269898e-03
2.971698279667501878e-03
2.825610392731641145e-03
2.761210775108843482e-03
2.690392483968074601e-03
2.604871758040173957e-03
2.490903451735708343e-03
2.465254748033076510e-03
2.377368246184146782e-03
2.332966709196744853e-03
2.308962527708114960e-03
2.250661259535421087e-03
2.231266227671319709e-03
2.204789151897338425e-03
2.140503158950368690e-03
2.094735021053652224e-03
2.078750736496034601e-03
2.064880657648148887e-03
2.033894438631445901e-03
1.986740427300538129e-03
1.963795993803994777e-03
1.946294525237368244e-03
1.921197875916513505e-03
1.880762093763787765e-03
1.838638953496924289e-03
1.824615404271614149e-03
1.810652565961490832e-03
1.789753750285958409e-03
1.730733414931540440e-03
1.728535917324342365e-03
1.710197098051121582e-03
1.690678155712467155e-03
1.665086856460914208e-03
1.663434380168935488e-03
1.614434963052926780e-03
1.600656104228765373e-03
1.585391437548044468e-03
1.576305914186339760e-03
1.557721315895211657e-03
1.545866328036004734e-03
1.533865199367841605e-03
1.511309985805260950e-03
1.502723556376791506e-03
1.489738470997101346e-03
1.476845470234962147e-03
1.455834957801859777e-03
1.429367908358956593e-03
1.424996382250262031e-03
1.418169866213524460e-03
1.403112792845319107e-03
1.397725303737335683e-03
1.385087047234253091e-03
1.360654898421432939e-03
1.351582740491929320e-03
1.345956244934232117e-03
1.329659082628006396e-03
1.321783000173077467e-03
1.320475546432576912e-03
1.307308393853525612e-03
1.284402586952216024e-03
1.282930970993848962e-03
1.269966383020457992e-03
1.266534282577224356e-03
1.250439016051728630e-03
1.239662237552419674e-03
1.230793918735352327e-03
1.217108829605455462e-03
1.215533541173732107e-03
1.200640086502216194e-03
1.191381208702845407e-03
1.186069531594336141e-03
1.181466623346466615e-03
1.170448885649124715e-03
1.154454819656536508e-03
1.148778481029671212e-03
1.145997854591743886e-03
1.133003256502821418e-03
1.127845767877714471e-03
1.123547745201144412e-03
1.111919326935225695e-03
1.104598521776683747e-03
