4.759463863638420389e-02
1.819644333959342594e-02
1.302807487001030051e-02
8.263548694381721293e-03
6.376253336579166577e-03
5.377331138571991506e-03
4.984367606116232689e-03
4.019259771889478403e-03
3.441876696278521348e-03
3.195188001960597764e-03
3.019326996525357586e-03
2.649642840042620764e-03
2.406847130220544570e-03
2.355216365159844890e-03
2.106605919358421532e-03
1.992278509195515284e-03
1.962373162971335107e-03
1.784298931480843330e-03
1.736364682889134786e-03
1.699542658072953401e-03
1.555124039099463860e-03
1.493130474082896486e-03
1.445716741678642432e-03
1.432196439010367502e-03
1.389024914506623194e-03
1.332915427855537295e-03
1.289674574404055772e-03
1.268584569240044325e-03
1.220555284073589859e-03
1.203057284727416338e-03
1.177929979138844742e-03
1.172375067774231346e-03
1.157021491983749794e-03
1.124675486527145071e-03
1.113773631334831178e-03
1.096690693517458079e-03
1.046580913873617919e-03
1.016661155354915214e-03
9.973165749030058879e-04
9.830715802426844875e-04
9.543419647398933758e-04
9.466812095281667335e-04
9.341209577065846988e-04
9.222732231340790687e-04
9.107889685444598522e-04
9.032949151743014824e-04
8.775491528779757241e-04
8.702718779614470766e-04
8.569992683556007605e-04
8.442384552116730199e-04
8.348903290757862848e-04
8.252459228339052710e-04
8.134480039202690929e-04
8.016732603669578456e-04
7.918993957259962309e-04
7.732436682161804775e-04
7.601020905754720574e-04
7.447757474149336926e-04
7.372554098590846337e-04
7.283850347795102313e-04
7.176737953029152647e-04
7.069425013698655549e-04
7.012839466496916061e-04
6.943370114159523338e-04
6.931332437650426217e-04
6.805960388247581875e-04
6.646291458653709114e-04
6.586532330753068140e-04
6.524332303094827539e-04
6.451844231553331829e-04
6.361164714570339412e-04
6.322115648859890410e-04
6.178968944869201287e-04
6.123077114671063434e-04
6.067078325415074715e-04
5.977092932088180982e-04
5.906447622594008682e-04
5.861083299571225036e-04
5.846722411095881889e-04
5.776979725500569355e-04
5.733849188367742692e-04
5.683397049137420233e-04
5.611554878661408540e-04
5.503111642142628985e-04
5.464674062496214244e-04
5.372746719624421977e-04
5.365975997268712314e-04
5.315004630335324861e-04
5.244715369533860380e-04
5.207178210222418056e-04
5.152218042372891296e-04
5.103136684690370460e-04
5.090046835225374737e-04
5.052474840986997213e-04
5.017159748724428795e-04
4.974583939675069396e-04
4.917110002247617601e-04
4.902671273043534336e-04
4.840244767579986933e-04
4.810151194521207225e-04
