4.122908168609715901e-02
1.824108906413093867e-02
1.305591391805426514e-02
9.495712446381520191e-03
5.789603713360594490e-03
5.252994436200999345e-03
4.716023179573973489e-03
3.254420400487640069e-03
3.072693948383106461e-03
2.990275431629905566e-03
2.512418358256295493e-03
2.165864890477481666e-03
2.066272053667419107e-03
1.986627014657143045e-03
1.822105418654062451e-03
1.752820802666547146e-03
1.641449059853658391e-03
1.570787599560479310e-03
1.461243375660021410e-03
1.392248436558323355e-03
1.303612922429647422e-03
1.228011428014437250e-03
1.194513734379465354e-03
1.177735148939970016e-03
1.151512464082744608e-03
1.134213458496021549e-03
1.069366258079357561e-03
1.036332151087331933e-03
1.012650780344786974e-03
9.971728364885973014e-04
9.768306747730659111e-04
9.654924383027901989e-04
9.333901690705745770e-04
8.985705451047401116e-04
8.743341192581844312e-04
8.566859580222368868e-04
8.548670295072896639e-04
8.388985211077757765e-04
8.342243869881771270e-04
8.153091528381082274e-04
8.019332825129670212e-04
7.999774821696475262e-04
7.752848034792184876e-04
7.667212093676673479e-04
7.623439311724996377e-04
7.429120360558854686e-04
7.369983342862193587e-04
7.140586257793623019e-04
7.099019814991324893e-04
6.920406650140083736e-04
6.836013775415359468e-04
6.771555207231430215e-04
6.643185172346542005e-04
6.606453378103436776e-04
6.573431857941693405e-04
6.488666340845213303e-04
6.431647514944391570e-04
6.326984964062193047e-04
6.259773035477807701e-04
6.218421959885798034e-04
6.140119664900062181e-04
5.973712352000548230e-04
5.892194531152872457e-04
5.811593182143031441e-04
5.788753690662789110e-04
5.717732219532341417e-04
5.681230247950860368e-04
5.601211252935796693e-04
5.516562674604077489e-04
5.475184442778483276e-04
5.397873029559954825e-04
5.330123772775711890e-04
5.297595936038578890e-04
5.244019163266617611e-04
5.217809217589020705e-04
5.170010005829113291e-04
5.097759646184034550e-04
5.039104150379783691e-04
4.988946551394684431e-04
4.961676467227125412e-04
4.911227298504285523e-04
4.864275707084504924e-04
4.800102683729687118e-04
4.788596822289180972e-04
4.749734328195848133e-04
4.667246513297653625e-04
4.657200984660264361e-04
4.604206735970219782e-04
4.568526452692067696e-04
4.547138028361957796e-04
4.452833113134030472e-04
4.445311484406910168e-04
4.390086812017567411e-04
4.348921847501259334e-04
4.321760746436656962e-04
4.264910409382521167e-04
4.263369826926237047e-04
4.239177348764063642e-04
4.209906588832281350e-04
4.153570254309010249e-04
