9.573750791230947743e-02
3.406413812429599786e-02
2.015176067062249624e-02
1.281081400161184110e-02
1.009928959808194249e-02
8.091691429112923828e-03
6.907346661855999666e-03
6.235070584765913318e-03
5.755053588474675665e-03
5.046015865103410832e-03
4.741187721731268505e-03
4.037663662797456171e-03
3.524801566604401134e-03
3.391026432910798898e-03
3.028063236799885365e-03
2.949741728483144549e-03
2.892696934105603787e-03
2.690463514421764010e-03
2.586238499462387066e-03
2.446951357377154940e-03
2.365605832994467032e-03
2.328124340465661732e-03
2.309966718159254390e-03
2.177052791904429251e-03
2.106840121638754205e-03
2.059341293339699876e-03
1.998057894506493314e-03
1.956447602559674079e-03
1.923459969616418816e-03
1.892834015349115565e-03
1.833659945442075610e-03
1.802637892875389239e-03
1.769534280188754050e-03
1.726625918784927992e-03
1.699447319128631487e-03
1.679646293766917176e-03
1.647834301994838572e-03
1.632316685065969422e-03
1.630391497094290775e-03
1.561460536304475196e-03
1.548802092197829180e-03
1.527531104458756690e-03
1.508175205706059662e-03
1.501390210876039086e-03
1.469113945509363051e-03
1.443050187424887651e-03
1.426006747229303017e-03
1.409990336288964195e-03
1.379643467334853817e-03
1.356967594811016569e-03
1.345223758493419540e-03
1.332754759353462501e-03
1.311302630513361657e-03
1.297526109399675101e-03
1.283392715048083848e-03
1.271269990054583673e-03
1.263995867504410066e-03
1.241974760062848886e-03
1.221488765391950081e-03
1.213139589166868952e-03
1.199317882342806766e-03
1.175697127501891710e-03
1.167324632952260015e-03
1.152424336626602010e-03
1.142332605762437199e-03
1.135491622470240691e-03
1.123635737279438237e-03
1.103446637661249221e-03
1.094581080597133637e-03
1.075198361794379477e-03
1.070090915947573751e-03
1.066804583568692691e-03
1.059057098199100077e-03
1.054373382519922797e-03
1.034421701700055261e-03
1.032192091065524397e-03
1.021574496255344463e-03
1.006428872800857379e-03
9.945545763578702084e-04
9.846046313249656474e-04
9.753447876319240421e-04
9.600285752944273622e-04
9.530812675024143621e-04
9.493861990299211047e-04
9.448715399991466490e-04
9.306191129908967380e-04
9.255093855332817638e-04
9.159512845763686812e-04
9.116863483619874623e-04
9.054755895873261044e-04
8.977846245115233279e-04
8.896845501943997665e-04
8.871427761969265550e-04
8.810006118889987265e-04
8.746037662227292009e-04
8.691617209117867776e-04
8.428294133289521367e-04
8.416697127813831461e-04
8.358804981615523735e-04
8.250035153954103119e-04
