3.642183232475892235e-02
1.649755179217102588e-02
1.150042157358567747e-02
9.050182607365578336e-03
6.983013117456880747e-03
5.289407858877609968e-03
4.773815425439404021e-03
4.643748840318863598e-03
3.925354548832611125e-03
3.539423113812003533e-03
3.324312014612331584e-03
3.065413709852785832e-03
2.952805298923099567e-03
2.873929837433683923e-03
2.722242790749505956e-03
2.554949725879483626e-03
2.421848914943442073e-03
2.322648792240995970e-03
2.155006431403022789e-03
2.055201874894574312e-03
2.028868697979632936e-03
1.973825646633724229e-03
1.879939216021946817e-03
1.805228645739980018e-03
1.796052820105320047e-03
1.715589720685352761e-03
1.656350807503242234e-03
1.615049402980949737e-03
1.584124122716668330e-03
1.521285520791980763e-03
1.510962215410239801e-03
1.471213594090621827e-03
1.447625727475835991e-03
1.436989919272133086e-03
1.429928133648585486e-03
1.360952316304210813e-03
1.348917902870361632e-03
1.292521594104737446e-03
1.271757652335327995e-03
1.254923739778489788e-03
1.213152041649131520e-03
1.205774649457226014e-03
1.186597444854843673e-03
1.171971611373082535e-03
1.140672228262111162e-03
1.126433900351537284e-03
1.107090590138621591e-03
1.094065521876706314e-03
1.083757411351228767e-03
1.058416809161505769e-03
1.045505003557728506e-03
1.032429768012751124e-03
1.012374865461437672e-03
9.958569776011710634e-04
9.867382532731071559e-04
9.813729995208561596e-04
9.650589346557418829e-04
9.515466249736149063e-04
9.417031225539897491e-04
9.336847428149715883e-04
9.279131388179438387e-04
9.106299380530442434e-04
8.902589846642847875e-04
8.757518123794033561e-04
8.642229458942438927e-04
8.603897241703367931e-04
8.512810786677674603e-04
8.323263479178026267e-04
8.288635060890763495e-04
8.147210318553164748e-04
8.058551461317913075e-04
7.937213826202487972e-04
7.868188040676832046e-04
7.745788291763880829e-04
7.718053401213534727e-04
7.627615433132851333e-04
7.588477539057309146e-04
7.516471666110739313e-04
7.401449980100533767e-04
7.320350356618197636e-04
7.220206800439294553e-04
7.148979922555147694e-04
7.072942008579269921e-04
7.009428271545186783e-04
6.981587937031417772e-04
6.882900668471278070e-04
6.785105521703110008e-04
6.778823958858035082e-04
6.693907705430549937e-04
6.664762873783552097e-04
6.589842320529774649e-04
6.524224290172112375e-04
6.450351543846713541e-04
6.379803552574555203e-04
6.349401829330201478e-04
6.240085758175350442e-04
6.211311924534160776e-04
6.182951605419905513e-04
6.148526476534376490e-04
6.037059339430836304e-04
5.975765028492138189e-04
5.924402584883965532e-04
5.871638871445093591e-04
5.847179070201287149e-04
5.834622400394209353e-04
5.783096520033663857e-04
5.728321330021250539e-04
5.679703078438662822e-04
5.626304398425979432e-04
5.570406181628856455e-04
5.537966579273155554e-04
5.485278494097839798e-04
5.458103986771378324e-04
5.390188967853343010e-04
5.322437882675198949e-04
5.296246379883561787e-04
5.186301075373574501e-04
5.140822886034511572e-04
5.108864017598453364e-04
5.035281910887572793e-04
5.007810131665525397e-04
4.947884689745854232e-04
4.944683613500145498e-04
4.889197271653439834e-04
4.863458651433542608e-04
4.789638912296477003e-04
4.777225154834343983e-04
4.750021010460440127e-04
4.724639883115786866e-04
4.698226508316144068e-04
4.674749363687526128e-04
4.641204850223335974e-04
4.584924049616333056e-04
4.546833097930558969e-04
4.524002987650895913e-04
4.499265516953261570e-04
4.434534584503396597e-04
4.409717127049604408e-04
4.384118592513090891e-04
4.367504062299358840e-04
4.338843791899593748e-04
4.284773341099010115e-04
4.216991539669442718e-04
4.194100010327526571e-04
4.157898863556634662e-04
4.135343693478050683e-04
4.118083043507706582e-04
4.081894927888102373e-04
4.061055404387515599e-04
4.033794701681737505e-04
3.992644885888812448e-04
3.961218827029381251e-04
3.926918620213906545e-04
3.898792369727154157e-04
3.882825912179827671e-04
3.849801064085866305e-04
3.839374765582022906e-04
3.822421666729733597e-04
3.785564164128597591e-04
3.733728802858661891e-04
3.705948706064757692e-04
3.681848366265339715e-04
3.669041959208683241e-04
3.644733307081029702e-04
3.601310143699879723e-04
3.581784222406536405e-04
3.580841621631442907e-04
3.556338029104279242e-04
3.539940748530138147e-04
3.495864494778620313e-04
3.480736771647143435e-04
3.452729039512131824e-04
3.451176113382012356e-04
3.424123784675210495e-04
3.396788514434663465e-04
3.358587659550404101e-04
3.344863733771720579e-04
3.308828249661217901e-04
3.306793512535721367e-04
3.272731084889576674e-04
3.271424188930299021e-04
3.249398423795289790e-04
3.223475197927723641e-04
3.204918256705945631e-04
3.194573182084260677e-04
3.138774055363415991e-04
3.131162254920516821e-04
3.113954545923351930e-04
3.071074761787542361e-04
3.058363699069048883e-04
3.050683323796591425e-04
3.034022500639287990e-04
3.025262223642965825e-04
3.014588943881670968e-04
3.005651529257690868e-04
2.970511491882029688e-04
2.953762060178466344e-04
2.939004255359927700e-04
2.918757841889786523e-04
2.870274060119111861e-04
2.860564927993815157e-04
2.851796012238884794e-04
2.824724593794088905e-04
2.813090105785081619e-04
2.791610185140925952e-04
2.773836628107677750e-04
2.764402475627510364e-04
2.748943603786795087e-04
2.714488749227824240e-04
2.700290117930501783e-04
2.678709921656573798e-04
2.667592029718947560e-04
2.644229501297438133e-04
2.637245768863916411e-04
2.614797677429841582e-04
2.611279430610227693e-04
2.586376763645423195e-04
2.581624214881685715e-04
2.561569125608192878e-04
2.541877391230350854e-04
2.532619522264550351e-04
2.504948915453866472e-04
2.497888004234078666e-04
2.488683336595709636e-04
2.487791433796666713e-04
2.454475506724494629e-04
2.446032001501242058e-04
2.429551294692735934e-04
2.410390012904581314e-04
2.393057189026778254e-04
2.384254713617451357e-04
2.363140822100392600e-04
2.352786364733478548e-04
2.333515643223033737e-04
2.327210826693935442e-04
2.321487324920796060e-04
2.303709463781558327e-04
2.300851075851609849e-04
2.273389946491780685e-04
2.259008275139959819e-04
2.239388783665477597e-04
2.233032581181507951e-04
2.224279201877172598e-04
2.204331738121951005e-04
2.189269536916491011e-04
2.182088278618215030e-04
2.173928531955486706e-04
2.152599121152188916e-04
2.146933546639603495e-04
2.133539623230575326e-04
2.119779623383044966e-04
2.104661908925041156e-04
2.088171390311947091e-04
2.083185470575623429e-04
2.067307999900728783e-04
2.053482821461503015e-04
2.051463497042763779e-04
2.042890134562036757e-04
2.019707378469241766e-04
2.013455120559100070e-04
1.998560594764435647e-04
1.991151044829864245e-04
1.988541815253055197e-04
1.977664583015509964e-04
1.961339002658438072e-04
1.953309472038753812e-04
1.947476596643595383e-04
1.937384650988874029e-04
1.932752828201498901e-04
1.925633812632552937e-04
1.907330307243617804e-04
1.898578589228972250e-04
1.875979508593560825e-04
1.871013683584811516e-04
1.865132286416836243e-04
1.847919368547078385e-04
1.839070102295569200e-04
1.827327217345931355e-04
1.823800473047341032e-04
1.805179811429049783e-04
1.795287200455489621e-04
1.789631551080240275e-04
1.786335139519638687e-04
1.778826848873059959e-04
1.772891427658965333e-04
1.761286052668754973e-04
1.754230609861058316e-04
1.747512616562188351e-04
1.729727507537255681e-04
1.716581107314752472e-04
1.707569617559221244e-04
1.694021712876656938e-04
1.684635183712113421e-04
1.679633392152651210e-04
1.676467623121770064e-04
1.668719415755076890e-04
1.661221801776449592e-04
1.654967594202151648e-04
1.641732567263909479e-04
1.638955305404440172e-04
1.632315292894366164e-04
1.620733262457318101e-04
1.617571208607739475e-04
1.611162477145079437e-04
1.599439897858378275e-04
1.592334971617748542e-04
1.587487849841904208e-04
1.583065361116881768e-04
1.570973190614361023e-04
1.565385361247068421e-04
1.556433301811176498e-04
1.555281752964022776e-04
1.549734287356553848e-04
1.532603027661308306e-04
1.526832093033432948e-04
1.518893023850127224e-04
1.517226353195689755e-04
1.500029382540114494e-04
1.497855847557201536e-04
1.495473817201536243e-04
1.491428369393489096e-04
1.481875998182609875e-04
1.476214873013006448e-04
1.472441711121119082e-04
1.468765801468488496e-04
1.461558442544150748e-04
1.453193941327545998e-04
1.447371826658390859e-04
1.445938977887280610e-04
1.442785439863142902e-04
1.436383139139041983e-04
1.428608607774820049e-04
1.423091403636642636e-04
1.414895711267382555e-04
1.409426498298161170e-04
1.405964062057601027e-04
1.399541982398155632e-04
1.393321061426508077e-04
1.391968512818864134e-04
1.386478067333721785e-04
1.381881945363847757e-04
1.377773178614338215e-04
1.374565430906918772e-04
1.369302239643899806e-04
1.367542922600862752e-04
1.364982316011757171e-04
1.352806336600518309e-04
1.346398197765832959e-04
1.338344786434101914e-04
1.329400276709750603e-04
1.327431193261068834e-04
1.323772924901795204e-04
1.322097053197248198e-04
1.315066714883273010e-04
1.304979843396026197e-04
1.304464661365423877e-04
1.301867335563825108e-04
1.298220451480860396e-04
1.292038792639657976e-04
1.290333919027672059e-04
1.283433110114966952e-04
1.279509661685371226e-04
1.271801607748392277e-04
1.268703388147739088e-04
1.264997152534100169e-04
1.260943369301580790e-04
1.260387244670960433e-04
1.253405050441840887e-04
1.251482090239298126e-04
1.250046920061104118e-04
1.247873879487130947e-04
1.240370449138775133e-04
1.239167714560918088e-04
1.234666330303984996e-04
1.228288588340224643e-04
1.226383596763653790e-04
1.223287221157465915e-04
1.221143750036028403e-04
1.219217460364984746e-04
1.216797716137233538e-04
1.207932035875010720e-04
1.206672905980693864e-04
1.204603958268013713e-04
1.202497427709133860e-04
1.199134243879183912e-04
1.195385672180614806e-04
1.192835523931557292e-04
1.187071964291319258e-04
1.182219575747072365e-04
1.179785965095207344e-04
1.178155261062849572e-04
1.171339342733580097e-04
1.170610445376677123e-04
1.169680444575493995e-04
1.164893468286057950e-04
1.160594031564108377e-04
1.158022695740863609e-04
1.157066540722249227e-04
1.153919981205779355e-04
1.150817246899105432e-04
1.148813220378995753e-04
1.145317367654964902e-04
1.140810331547046567e-04
1.139551205598338606e-04
1.137068064651657647e-04
1.134750113932415819e-04
1.133767385973065997e-04
1.132012648891140367e-04
1.127226818259925798e-04
1.124847833898341384e-04
1.121554142792549570e-04
1.119765913017816810e-04
1.118018899283579570e-04
1.114143708378217550e-04
1.112777478338310871e-04
1.111785605757067562e-04
1.110301015743802265e-04
1.104923710151783765e-04
1.101420092416578847e-04
1.099403864921022055e-04
1.095663453926531592e-04
1.094164863300590664e-04
1.091496654450729951e-04
1.087820832095674403e-04
1.084980944722813606e-04
1.083386719566522996e-04
1.082142755453128488e-04
1.080850287409796274e-04
1.077853962804891893e-04
1.076212444235085378e-04
1.076098316305876696e-04
1.071538989213016485e-04
1.066787088574519277e-04
1.064153285238393073e-04
1.063590032820134170e-04
1.062321805251292643e-04
1.059931690983240338e-04
1.058802358606171523e-04
1.056122418865150677e-04
1.054831632781627116e-04
1.050558638222747404e-04
1.049051929887026004e-04
1.048207645081547561e-04
1.046825837881132132e-04
1.044540116330847811e-04
1.041356524547792012e-04
1.039031587555070156e-04
1.035323642351671712e-04
1.033007591729594046e-04
1.031146113299622136e-04
1.029566256198395657e-04
1.028835058375811697e-04
1.028064901391395120e-04
1.025836091655962790e-04
1.024837817521407111e-04
1.023588910224326059e-04
1.022114709084879456e-04
1.019267602001570552e-04
1.018598298951052208e-04
1.016641189768994260e-04
1.015626389486387501e-04
1.014474578535831645e-04
1.011398921637836411e-04
1.008635030387072194e-04
1.007894686050220143e-04
1.006802032817280849e-04
1.003423814098121223e-04
1.003293284938110586e-04
1.002888785962911518e-04
1.001535101716795480e-04
9.992619701862688196e-05
9.972269209152436766e-05
9.948449844856570496e-05
9.927562804120946605e-05
9.908323653986446399e-05
9.889673781082060063e-05
9.879661790831971988e-05
9.847167597279335135e-05
9.835042488874195252e-05
9.818679428099854202e-05
9.812250929357918593e-05
9.798204127279892437e-05
9.770487735212778199e-05
9.745383098247325192e-05
9.742366426047341420e-05
9.734552381404061540e-05
9.721636927250817332e-05
9.706575087932969501e-05
9.691783484672076004e-05
9.677481640346896315e-05
9.667617621604247065e-05
9.658052639846011330e-05
9.646177636230218819e-05
9.617810872155295975e-05
9.603775472223773806e-05
9.592287705856350542e-05
9.581694250272407862e-05
9.553414305999044607e-05
9.542702881970770796e-05
9.528882958644517955e-05
