6.348393570323640489e-02
2.399647806665510322e-02
1.366686600245293863e-02
9.963769195152070643e-03
6.788581149103647093e-03
6.064092686148511366e-03
5.116370275058353990e-03
4.272719459704528260e-03
3.548151341907386774e-03
3.299501448179881051e-03
2.994855558847909181e-03
2.454327080570913727e-03
2.141456599804254790e-03
2.014990442002291028e-03
1.871474135313153618e-03
1.743865408062955213e-03
1.663771037560845146e-03
1.516734756479741096e-03
1.435029593381793346e-03
1.401520671628894927e-03
1.261661665601969450e-03
1.186667323743453026e-03
1.149158131927088562e-03
1.106428084212314651e-03
1.091619192993203069e-03
1.043704030059860316e-03
1.025961256876030793e-03
9.597840585727584984e-04
9.561875480578701895e-04
9.312735255683741260e-04
8.832213423548542159e-04
8.779625700486259595e-04
8.572199475705040428e-04
8.249670961554430009e-04
8.191354465303194712e-04
8.076671327166080796e-04
7.923723940205748030e-04
7.895489198809354722e-04
7.686823494664224042e-04
7.556483756233353189e-04
7.414173186577084759e-04
7.336454435630224667e-04
7.181460716012864421e-04
7.173474462946690961e-04
7.050552603918043689e-04
6.934755096967417732e-04
6.870532021848169265e-04
6.834595733320503229e-04
6.737014059653316294e-04
6.687312258137845461e-04
6.636226204348413035e-04
6.510705808777748210e-04
6.400572745813138233e-04
6.321657378147051273e-04
6.178845992542721490e-04
6.081671120145225014e-04
6.055703040481186499e-04
5.986764692294764805e-04
5.929032949409227980e-04
5.863839801315043863e-04
5.782511114984749531e-04
5.764067034113963062e-04
5.704513553580920502e-04
5.652117506153328357e-04
5.554868219631264696e-04
5.512712015024246511e-04
5.484455231035054428e-04
5.403814968974896688e-04
5.371378234965852984e-04
5.346232043285093199e-04
5.329950853731174045e-04
5.313042561537880890e-04
5.242199373583394158e-04
5.216513853765509124e-04
5.191284161752193890e-04
5.105075636146734833e-04
5.060172900594792468e-04
5.021453066533768019e-04
4.988358352566090934e-04
4.941778560061924107e-04
4.930377141602353868e-04
4.886481302225012405e-04
4.871379888418902689e-04
4.833997913374456831e-04
4.802480991580713619e-04
4.780751219655746901e-04
4.745262012649563779e-04
4.659539103297839009e-04
4.643545654340226758e-04
4.575298999590872635e-04
4.573152790709101201e-04
4.546857399161327866e-04
4.522176976866073097e-04
4.467376480321209138e-04
4.426259293010810047e-04
4.412649433301977240e-04
4.389490141772331737e-04
4.353326493609687765e-04
4.317753295351034340e-04
4.309739442194250548e-04
