4.526056714568225253e-02
2.603062351585123252e-02
1.393536839089591986e-02
1.072208307714534598e-02
7.530367206810069554e-03
7.447176636940976320e-03
7.132812575592110092e-03
6.455231521064899204e-03
5.074865754323965722e-03
4.954592172181264756e-03
4.887384918540619259e-03
4.570672553289814588e-03
4.219184681858128942e-03
3.784306908448237944e-03
3.417921171586346674e-03
3.218392130185830039e-03
3.111136398522587349e-03
2.952701239693337944e-03
2.728264178170400518e-03
2.688391591803127381e-03
2.625713996175139779e-03
2.498718802415778387e-03
2.436826291080100571e-03
2.287522914946456872e-03
2.257862093341353547e-03
2.130312020466697438e-03
2.110768745400042751e-03
2.072542720521912667e-03
1.993521574369253382e-03
1.984568584612063109e-03
1.944110001753855069e-03
1.904043758980477870e-03
1.876645950103868980e-03
1.854846957132318553e-03
1.814487098565238914e-03
1.796031132142961520e-03
1.756055016177720694e-03
1.740240162421065632e-03
1.651371824706022225e-03
1.614025841387631711e-03
1.588191171878143961e-03
1.562907258384668360e-03
1.554774570822165664e-03
1.553036993585297848e-03
1.496439510007722051e-03
1.472584055361518627e-03
1.462445195555505751e-03
1.442100031470189281e-03
1.416543273421478960e-03
1.405148965486828234e-03
1.385895057912886561e-03
1.371241851827579000e-03
1.345667240651254176e-03
1.330548523143236603e-03
1.297324819051772458e-03
1.290485388757442974e-03
1.261047308775360915e-03
1.256064684442056295e-03
1.233758337699318542e-03
1.223815466300034018e-03
1.203537849334146599e-03
1.201886468273284615e-03
1.193017214268864146e-03
1.186423467341590375e-03
1.175134634108367581e-03
1.164157602273817706e-03
1.147978778354530804e-03
1.145462467024213442e-03
1.131565020840803433e-03
1.118279820325355622e-03
1.107504582003089860e-03
1.101614064561303027e-03
1.094155709461241792e-03
1.073730178323096043e-03
1.060886074058617562e-03
1.057191955566492330e-03
1.048140294712022720e-03
1.037579753283226439e-03
1.023821437156338969e-03
1.010371575909310184e-03
1.005038036991690942e-03
1.001938439074524746e-03
1.000403558351221564e-03
9.954606188120860861e-04
9.730077900205743669e-04
9.710544974246532830e-04
9.667573405464152322e-04
9.575422968228049702e-04
9.542067772034256183e-04
9.485222382661966318e-04
9.416897899459708348e-04
9.392429059197300372e-04
9.261118390587425942e-04
9.248359820375392235e-04
9.168392493264323519e-04
9.128380162848823143e-04
9.113710574877870044e-04
9.022326298964339396e-04
8.957580144423316331e-04
8.906398774024543294e-04
8.840156417552112950e-04
8.697045102110499562e-04
8.598049924226241515e-04
8.582215835402411336e-04
8.560968835935364295e-04
8.502553337343721250e-04
8.434184782625180976e-04
8.407699060577377348e-04
8.315896807969732490e-04
8.262756883675274888e-04
8.253500622884389236e-04
8.183783220510532823e-04
8.135602171284885388e-04
8.050429549840649795e-04
8.005127899091958555e-04
7.969066751935462590e-04
7.926321059008067157e-04
7.885170803567049863e-04
7.841968707589789438e-04
7.792994526566419944e-04
7.702014119336060213e-04
7.680853057100169284e-04
7.601944396188219837e-04
7.479587855926390742e-04
7.444004791574752953e-04
7.402870447229699651e-04
7.343864431301140496e-04
7.327864514333382213e-04
7.299239911533061823e-04
7.281447355620892245e-04
7.186944144137445050e-04
7.120068879643001248e-04
7.084267271323409481e-04
7.068095033317281593e-04
7.015647282000545167e-04
7.012405575622256658e-04
6.935331850169642893e-04
6.907498544022765185e-04
6.882292082084566064e-04
6.799303138360797676e-04
6.766076011103900559e-04
6.753559532163854774e-04
6.716087970366841275e-04
6.701992519555320790e-04
6.657143358134794305e-04
6.622810574952742993e-04
6.600138180536611453e-04
6.571367452728790054e-04
6.534318137830504936e-04
6.490542700548103654e-04
6.465515881820416838e-04
6.427160427759177810e-04
6.418055229219855103e-04
6.389903135982419715e-04
6.350794986473469201e-04
6.332066700722642581e-04
6.312174384424592026e-04
6.249319457794081430e-04
6.221996767825747898e-04
6.202353456416135431e-04
6.159214820908223004e-04
6.137722275001747906e-04
6.064721147819934158e-04
6.052589402842225652e-04
6.044712143473492030e-04
6.025978814019086706e-04
5.990859409327375018e-04
5.971439842371326166e-04
5.935502858286523936e-04
5.914418634950789925e-04
5.869239515555275608e-04
5.826911575122285022e-04
5.807620688106732718e-04
5.803066874889678236e-04
5.761282148939421291e-04
5.738951443771466788e-04
5.737757040014799430e-04
5.721207604597463529e-04
5.671323895201671288e-04
5.659673631469287714e-04
5.650764176070292204e-04
5.608895928620902206e-04
5.577241594149242969e-04
5.567116366223944391e-04
5.556645347337897840e-04
5.504044150040706025e-04
5.496725199124157099e-04
5.465979346026323847e-04
5.445477800324405922e-04
5.430397200789405287e-04
5.383274489360687781e-04
5.361665851768941671e-04
5.350729049643745310e-04
5.326635432251678164e-04
5.307850918927341797e-04
5.289083784580038937e-04
5.271686080351160224e-04
5.249506416706203318e-04
5.233908928710220062e-04
5.207727573412801502e-04
5.199528805834314343e-04
5.174257576369946593e-04
5.151190008871682404e-04
5.134718476528641771e-04
5.106524715552481939e-04
5.089155177175982590e-04
5.070676834774135973e-04
5.054779277585769387e-04
5.010252573592493576e-04
4.987458854728916069e-04
4.981483145612059828e-04
4.974299021427278956e-04
4.941014694694455690e-04
4.915854096410605511e-04
4.899957095473283500e-04
4.886915411958554648e-04
4.876966998123339237e-04
4.851297944714608916e-04
4.821353477411289331e-04
4.801355989725405895e-04
4.788538524721620924e-04
4.772849862738066766e-04
4.756018492732902859e-04
4.739829124580813855e-04
4.729517451524683667e-04
4.716129095399017790e-04
4.692605577089298090e-04
4.679971293009010393e-04
4.672494014568628548e-04
4.644944185593314831e-04
4.636184268007921962e-04
4.618261030704466337e-04
4.601844695142703282e-04
4.584861099887924075e-04
4.574741215854725160e-04
4.551741289696022803e-04
4.533302415392785395e-04
4.518342712215337549e-04
4.503358593019188500e-04
4.475432569968501324e-04
4.475156695838625859e-04
4.455666881723415905e-04
4.442755246338552367e-04
4.432102688075219028e-04
4.414052195768649028e-04
4.393973190940975073e-04
4.376867112531414631e-04
4.368105500812529416e-04
4.360665721858929950e-04
4.339370511761294312e-04
4.319556027630844339e-04
4.318353800060272299e-04
4.290175531379496849e-04
4.286795852013078833e-04
4.262870706974347429e-04
4.256419574515733057e-04
4.244341933996619086e-04
4.228846156280484836e-04
4.220274901598721666e-04
4.192534508509038844e-04
4.177102765444507611e-04
4.174736654263704375e-04
4.164874085121724389e-04
4.146469668627311136e-04
4.130227708713277938e-04
4.126003799360846553e-04
4.115473744562866249e-04
4.101214793576369710e-04
4.080257494394049140e-04
4.064497153224439353e-04
4.059405156134746930e-04
4.039412487364479974e-04
4.029664868803048351e-04
4.013745356211219687e-04
4.005727191625073499e-04
3.993374302955617571e-04
3.979119426017628438e-04
3.966847638643381684e-04
3.945642447257640935e-04
3.937068318140298884e-04
3.921216054301006337e-04
3.915127076770728138e-04
3.894398736054907324e-04
3.887216982811224526e-04
3.878111833552412048e-04
3.872404021388450770e-04
3.859612005957066441e-04
3.855844227743192559e-04
3.848189058983096959e-04
3.836708077194183318e-04
3.829574721226455163e-04
3.810620377574509658e-04
3.809452343950271973e-04
3.790262426892062144e-04
3.779956712655597952e-04
3.770710602150549292e-04
3.764300327079508489e-04
3.752222158525542889e-04
3.748180041762891042e-04
3.732290081667138200e-04
3.725535843728891854e-04
3.705640972667683004e-04
3.689360139374968199e-04
3.681670331333406084e-04
3.669870541520099043e-04
3.657375940786370175e-04
3.653785540199144962e-04
3.641367434350017496e-04
3.634975155624972144e-04
3.626340106433981886e-04
3.614657796305302691e-04
3.608748794756563242e-04
3.595129072698502134e-04
3.589105295469102730e-04
3.579093412412524908e-04
3.570114101372702433e-04
3.563129005299550353e-04
3.558002578873689322e-04
3.547881803106555450e-04
3.536705767225893290e-04
3.531349126988774238e-04
3.521076647577679243e-04
3.513062457485496165e-04
3.504158152580861088e-04
3.494688837304656191e-04
3.488265008287627904e-04
3.485029965856857115e-04
3.472421113578454100e-04
3.462654967570082012e-04
3.459945316170728673e-04
3.435950312931696404e-04
3.429045403724994005e-04
3.420058926226292296e-04
3.415922969750284362e-04
3.407591875844840734e-04
3.399180295409083823e-04
3.388758466954970095e-04
3.379875930568170222e-04
3.373832736644504404e-04
3.362719859687285026e-04
3.353661330360473754e-04
3.344542453393129183e-04
3.335658979078403880e-04
3.322366694106887409e-04
3.310500594330008351e-04
3.301254103027602069e-04
3.298548391004490934e-04
3.281971768175845155e-04
3.279509484232932186e-04
3.276695936134754283e-04
3.265866740510730074e-04
3.258294347366609230e-04
3.242231137702737491e-04
3.238986718793264072e-04
3.233027039696253525e-04
3.227159085245589728e-04
3.223003287056798363e-04
3.222191769037688141e-04
3.211715378899768409e-04
3.200647731726267292e-04
3.193581143377412072e-04
3.185171544836181584e-04
3.182089615462262134e-04
3.173245076369591200e-04
3.160775823392930010e-04
3.152339541837165184e-04
3.148388376808512897e-04
3.140750577807383957e-04
3.136835769764005611e-04
3.123714548319198839e-04
3.115201960108528114e-04
3.111817665544677975e-04
3.106583769572551302e-04
3.105116457267343127e-04
3.094250248490850288e-04
3.085773558597804285e-04
3.080663249870994208e-04
3.073944141473432690e-04
3.069217835938185053e-04
3.068790739242752033e-04
3.064333948291770009e-04
3.056745526937794432e-04
3.045942666967103884e-04
3.033807234597726246e-04
3.026976707088553089e-04
3.026402877296220997e-04
3.019301119329758590e-04
3.015328098922273646e-04
3.010373714655725330e-04
3.000131892133808191e-04
2.996975990251467877e-04
2.989947463797256203e-04
2.982756730197646741e-04
2.980843354768243809e-04
2.975876886919918713e-04
2.971804400945558203e-04
2.966666375658101053e-04
2.952261378974400984e-04
2.944468844600987671e-04
2.941324696356466240e-04
2.933554850798243707e-04
2.928169567023373022e-04
2.926605656014758992e-04
2.915684947703021728e-04
2.907920490869670251e-04
2.902435622671986539e-04
2.898159206219478863e-04
2.895170606884136448e-04
2.888490186406698847e-04
2.885243164525490246e-04
2.878321918536129302e-04
2.875023948241820556e-04
2.873840621290168953e-04
2.865174520280310759e-04
2.858022537291123044e-04
2.850467291309585261e-04
2.850341703907212083e-04
2.843508690390127895e-04
2.833206413615300652e-04
2.830698417287594434e-04
2.828583975801506403e-04
2.824290145665238252e-04
2.822084867684497046e-04
2.813691235436189750e-04
2.811891605379871406e-04
2.808251236250564357e-04
2.804563200846118100e-04
2.800913847602859138e-04
2.796481105153763810e-04
2.790840051336296594e-04
2.783489373075918242e-04
2.767955040173179348e-04
2.764609647173750149e-04
2.762321851873832308e-04
2.758771665410164934e-04
2.753195235649584212e-04
2.748113664670033584e-04
2.742320295056290187e-04
2.738724844474586936e-04
2.735547367600872008e-04
2.724926000682298529e-04
2.718747852466738566e-04
2.712277315391875944e-04
2.709037026698347711e-04
2.702006231720231614e-04
2.698656439846022900e-04
2.696882116917524220e-04
2.690992922777273228e-04
2.689615704251924482e-04
2.682387730805666469e-04
2.677659724387996729e-04
2.669943998923737707e-04
2.667187810179535339e-04
2.663364375350656794e-04
2.660896851263568584e-04
2.650299664218311920e-04
2.648746374456523189e-04
2.642386954646677071e-04
2.641507598288552676e-04
2.634662488069665809e-04
2.632070583414039761e-04
2.630744227192909090e-04
2.626309998179971361e-04
2.622251445479266787e-04
2.617649680808761467e-04
2.613465786338573828e-04
2.608450569237775953e-04
2.608082166661934102e-04
2.603403213203224725e-04
2.598850179456758253e-04
2.596141792000797137e-04
2.589494343356646194e-04
2.587705788375639442e-04
2.579411717662202005e-04
2.569935008720683326e-04
2.568984913383377247e-04
2.566635536766959818e-04
2.556343805549830058e-04
2.550020382771761834e-04
2.549242809409892909e-04
2.544363485891864619e-04
2.543073948329775138e-04
2.541819453507235629e-04
2.535624033722124046e-04
2.532501471953506377e-04
2.528294058893156893e-04
2.526039206691775129e-04
2.524019486184222289e-04
2.510595215610140324e-04
2.509804986591222266e-04
2.506242324871365483e-04
2.504666970053332485e-04
2.501037878882461283e-04
2.497727891985091083e-04
2.492906846500861839e-04
2.486568758598877490e-04
2.484242179189485845e-04
2.478752250549153447e-04
2.475917427812822499e-04
2.469017065767082752e-04
