1.054505457900902221e-01
6.887657840611619009e-02
4.484823863977437791e-02
2.707132831655979441e-02
2.360559930218776234e-02
2.204764898086600602e-02
1.495494477299028069e-02
1.279925023277175833e-02
1.102183018023143377e-02
1.039012693370608420e-02
9.532197001916374243e-03
8.689457391679190207e-03
7.605925150203233891e-03
6.850364547058607027e-03
6.471294079132251797e-03
6.166575697483514182e-03
5.893450248157187238e-03
5.333227489019417254e-03
4.888815030055477552e-03
4.637681473601637343e-03
4.498918418230970009e-03
4.396700705881342007e-03
4.320432623418664700e-03
4.108579346611485397e-03
3.914848225430539973e-03
3.837121589363517819e-03
3.736225737516010205e-03
3.620899727969527880e-03
3.547245048672817598e-03
3.479306307158702271e-03
3.425553899937058052e-03
3.411675025509970302e-03
3.356919893413839746e-03
3.265288568677325587e-03
3.231240320036736502e-03
3.041821748635467094e-03
3.008408966933848704e-03
2.982384937260817818e-03
2.930057824160182608e-03
2.862915096551727281e-03
2.824458940074145441e-03
2.811863358108103884e-03
2.748434356604287452e-03
2.707502030086570907e-03
2.672183349365469130e-03
2.643649910643607482e-03
2.599858303666898515e-03
2.576887121407956099e-03
2.535190717883002709e-03
2.489065479073612319e-03
2.454772758387072356e-03
2.438457394286221071e-03
2.418240566977696449e-03
2.377698444659505535e-03
2.352155966513105097e-03
2.322804249864265490e-03
2.298872297013347058e-03
2.258266735686321851e-03
2.230497302587389728e-03
2.202047903616855765e-03
2.183158954509149385e-03
2.164690310499459407e-03
2.135169233253939296e-03
2.118411853765738394e-03
2.087065929401298904e-03
2.069871752832768384e-03
2.048542260886174193e-03
2.035416127062809454e-03
2.001694119610437483e-03
1.992787254465074216e-03
1.978032111705297583e-03
1.975024549232947454e-03
1.963346772918911961e-03
1.945694332225091387e-03
1.928106461786036670e-03
1.904371510217423404e-03
1.891411229508006527e-03
1.872255085425795747e-03
1.857641812280594502e-03
1.843727224556357966e-03
1.839929817457045111e-03
1.830394262323902562e-03
1.813794375373023113e-03
1.796965332201040091e-03
1.780373144146229917e-03
1.769593153632136387e-03
1.757559727545749892e-03
1.748218505058137407e-03
1.730698729427768319e-03
1.723582058053195476e-03
1.710834355376300055e-03
1.699927116485083463e-03
1.692517279317555783e-03
1.672216789488229372e-03
1.654510257566034785e-03
1.648041965639135973e-03
1.643024919837540645e-03
1.631722662559125349e-03
1.620413845868630799e-03
1.607210202084945107e-03
