4.680424820958641041e-02
2.066022619278830991e-02
1.326543328470004661e-02
1.034776150915164145e-02
6.292020171904981300e-03
5.390224800281306385e-03
5.119779226822366094e-03
3.524165390923411374e-03
3.303992570112341404e-03
3.176959841112576323e-03
2.704998787948600155e-03
2.387326975234052746e-03
2.159862688102625033e-03
2.129691433759015214e-03
1.969595240786853330e-03
1.881598585594413406e-03
1.727214576746627589e-03
1.670639168688751791e-03
1.532523175335095229e-03
1.476416779239005713e-03
1.377050795741346402e-03
1.335146212835047709e-03
1.303100826926211278e-03
1.248601934616964341e-03
1.240748175978868047e-03
1.223101730156719901e-03
1.167461555388215298e-03
1.150053655952966479e-03
1.121466518378399016e-03
1.090063910539931270e-03
1.066014994473822629e-03
1.038570104148971510e-03
1.016407747153889093e-03
1.004472642745036408e-03
9.774356725786288811e-04
9.562448062527738281e-04
9.348668423045103371e-04
9.316562608843013569e-04
9.212026179678581804e-04
9.152857734242505908e-04
8.929053150941156656e-04
8.818043553253490348e-04
8.744969773250539993e-04
8.500941548930853603e-04
8.420899033730227298e-04
8.377194006826241312e-04
8.145961244038766366e-04
8.018697931562619990e-04
7.934198451452664476e-04
7.807376893327087420e-04
7.714899502679724774e-04
7.597818050914135210e-04
7.502753303548227162e-04
7.483767048520975108e-04
7.392351725313092052e-04
7.370668213820042759e-04
7.225849273274088371e-04
7.173498594652524861e-04
7.061952124428331383e-04
7.010249555684849778e-04
6.816663198015504100e-04
6.727164434256253890e-04
6.712101021445875939e-04
6.649955329681376528e-04
6.619418013249129835e-04
6.591399503222774604e-04
6.543058387136616635e-04
6.430531946496360202e-04
6.349631138707419360e-04
6.305733102282618571e-04
6.232395866458036995e-04
6.207382202878079791e-04
6.166384415805959557e-04
6.093919860679953030e-04
6.062803047645566384e-04
5.982629149783733535e-04
5.898495671464963619e-04
5.863740946923155870e-04
5.798503450542493061e-04
5.760935087123035796e-04
5.750556383425390813e-04
5.686703204323697268e-04
5.646236820841340652e-04
5.577339604715607184e-04
5.505630970976261706e-04
5.471817434990783758e-04
5.459905258501616954e-04
5.392135828754703042e-04
5.364863851953222259e-04
5.329668484609494539e-04
5.251756803799394668e-04
5.229918571381760766e-04
5.207583979931698507e-04
5.153612314672493264e-04
5.083891959541814165e-04
5.057727228430445709e-04
5.010862650117366016e-04
4.992716169616560505e-04
4.972582360775535445e-04
4.943650344789075500e-04
