5.747340563212179065e-02
2.720491678072613217e-02
1.521130780491548005e-02
1.256618607771612696e-02
7.577610245463250668e-03
6.350611738232958201e-03
5.841973710890935832e-03
4.489925973748335949e-03
4.331690821128953046e-03
3.857651996467874062e-03
3.456831145564712247e-03
3.247587111608755354e-03
2.768906059876842431e-03
2.531230463874160203e-03
2.430953519977446103e-03
2.348411846606534344e-03
2.258539359795893545e-03
2.138978584106149012e-03
2.096526215230299760e-03
1.925648977554791311e-03
1.849534325060126069e-03
1.829465312930725991e-03
1.766295278121289211e-03
1.682825710473877636e-03
1.581820223774763534e-03
1.561180630120833236e-03
1.542390937714826831e-03
1.517698101657627679e-03
1.489560680466972716e-03
1.468723854476120839e-03
1.400720679147938888e-03
1.381530921639669268e-03
1.367825552477853644e-03
1.345496156440828235e-03
1.327492813462318334e-03
1.315999726627879382e-03
1.284850049630272472e-03
1.251901252404052011e-03
1.235258369672223534e-03
1.219627773429254056e-03
1.187028750744169650e-03
1.185290485216085928e-03
1.150124150342038713e-03
1.130879316123024891e-03
1.126044917536783187e-03
1.119753236540052327e-03
1.097146596585223512e-03
1.082536770645268782e-03
1.061909334864155488e-03
1.050745814537880135e-03
1.044394925162089437e-03
1.019864489583208493e-03
1.008157081326471792e-03
1.001369566726047385e-03
9.921576866576504658e-04
9.758131476612939620e-04
9.634546162588389709e-04
9.553003421884425847e-04
9.498206036069654998e-04
9.376236363501858203e-04
9.336194983208951888e-04
9.209747875884049433e-04
9.087303290386496884e-04
8.941330456666476273e-04
8.856678683079579001e-04
8.840177609792913708e-04
8.725918988549253132e-04
8.688904482781927615e-04
8.627607982359782523e-04
8.500795909345623550e-04
8.406251704569524903e-04
8.316607084683612502e-04
8.253091861536818608e-04
8.090494726469041982e-04
8.046420476868264369e-04
8.004422337791538633e-04
7.872573471710714874e-04
7.799789079198098281e-04
7.704124299406162535e-04
7.681891732381164115e-04
7.600727784433598854e-04
7.542550727671693597e-04
7.467554144424224261e-04
7.388555151910768245e-04
7.300123686565291757e-04
7.280927639449816637e-04
7.220855923747853148e-04
7.202202240149693747e-04
7.116484337686199277e-04
7.034396924109513139e-04
7.028948580487769104e-04
6.916251677491734584e-04
6.879557526363734403e-04
6.853948884111897523e-04
6.795835927772788570e-04
6.678064592281195708e-04
6.641171895939065309e-04
6.545156664503347420e-04
6.534679649711808928e-04
6.459753805455229576e-04
