8.306525442544304694e-02
2.947552397355556603e-02
1.672473264627352685e-02
1.081944670122622111e-02
8.839581377004189153e-03
6.965763442060080197e-03
6.174100865673581504e-03
5.579683371960940559e-03
5.024109470419819111e-03
4.519153271929058843e-03
4.032364199849057529e-03
3.590167359536613600e-03
3.177150271405847562e-03
2.993486932723495291e-03
2.817135753051457255e-03
2.697929293187643820e-03
2.610201608955022186e-03
2.434646708550976951e-03
2.396201375694504299e-03
2.155996607858825641e-03
2.128383363451921088e-03
2.088726344618975668e-03
2.011235048282221209e-03
1.947151027402109057e-03
1.864349559774106145e-03
1.836877265432118340e-03
1.788560063600125186e-03
1.719801706823644505e-03
1.669049000594299706e-03
1.657176023926268523e-03
1.637279837160110496e-03
1.575201316545154270e-03
1.555626639992438226e-03
1.520618478915850610e-03
1.512719942736670889e-03
1.490016563831200519e-03
1.438157854415339932e-03
1.422123002949724413e-03
1.397061257058024178e-03
1.391561894081121131e-03
1.353747338079673611e-03
1.342638276515101129e-03
1.329368184976046025e-03
1.303771549923383967e-03
1.300809839206780449e-03
1.263365205136256957e-03
1.249094416944813383e-03
1.237583931621869492e-03
1.208591652898052208e-03
1.192460835277170568e-03
1.181663792566435556e-03
1.151206219173758673e-03
1.145342275565024940e-03
1.126487378315810337e-03
1.121638460077636250e-03
1.111521877829884817e-03
1.092383695814106792e-03
1.085464911032133157e-03
1.073769798634992799e-03
1.055883411439164721e-03
1.047355822610890243e-03
1.036769119627181527e-03
1.025925104966284810e-03
1.017009995031331344e-03
1.008851226109462812e-03
9.976151513987961510e-04
9.903545628927746397e-04
9.797327773397579691e-04
9.581354031586620948e-04
9.510916421188386153e-04
9.384163468921721818e-04
9.295892815337774987e-04
9.224879137110070758e-04
9.212265380899114196e-04
9.049937941835150537e-04
8.961188490147436016e-04
8.900694962349179088e-04
8.715575229547624109e-04
8.634870838136590515e-04
8.527787404620621077e-04
8.432224154398199403e-04
8.341227676125325318e-04
8.295548595979703116e-04
8.265281595082900248e-04
8.219855842253304514e-04
8.170839699649721892e-04
8.066326824563052784e-04
7.968953339163629230e-04
7.935669212837212928e-04
7.812364491662000419e-04
7.749385957825290780e-04
7.679623373547826357e-04
7.592673876352040935e-04
7.533546007203606324e-04
7.491691130641256035e-04
7.454912022111240743e-04
7.431046234694499691e-04
7.363070394797180613e-04
7.321710063348339098e-04
7.228182674363201228e-04
