8.722863077236085727e-02
4.425528809566195432e-02
2.846555442509175055e-02
1.880835602262229123e-02
1.194254726989962996e-02
9.797233739024642507e-03
8.837868994870910072e-03
7.659263705362868296e-03
6.684654092929878146e-03
5.782328782429599183e-03
5.186464847112255347e-03
5.027568300459692337e-03
4.497048541597875072e-03
3.966690916311806960e-03
3.563638835445836258e-03
3.516398868158744119e-03
3.346469388326339320e-03
3.146975212554489407e-03
2.903758190138842812e-03
2.844787078609718224e-03
2.763851296473140203e-03
2.696113647702483209e-03
2.647380781268444429e-03
2.514900052272082097e-03
2.420389162969285423e-03
2.365514422982925146e-03
2.305301394052337253e-03
2.223865410752200698e-03
2.200758671538733616e-03
2.122622624007025529e-03
2.085157447457837519e-03
2.053318771940226741e-03
1.990285346854148325e-03
1.963591810453043426e-03
1.917577182358286194e-03
1.899287915051355372e-03
1.831645500633995215e-03
1.821580912953166351e-03
1.804416398428252289e-03
1.777367314168661972e-03
1.757955772041890768e-03
1.739106571521568381e-03
1.710602630197335808e-03
1.680191481982458868e-03
1.658241288896104490e-03
1.632475971499842363e-03
1.597010319756298098e-03
1.579042895537302853e-03
1.560283754664199820e-03
1.546590467063206284e-03
1.539964200572408728e-03
1.526028763647463643e-03
1.508606134513442712e-03
1.486291772527810430e-03
1.462444889623297148e-03
1.451505023108097536e-03
1.445919200092877967e-03
1.424244686387881936e-03
1.402313176480479186e-03
1.393868059105251656e-03
1.383200110272751878e-03
1.369243984219662823e-03
1.358786486829820879e-03
1.339866368533783889e-03
1.338850496540233128e-03
1.326672628470440280e-03
1.307137727955966005e-03
1.286802960293636578e-03
1.273059487530768356e-03
1.261215655458300475e-03
1.255513718187188090e-03
1.243843901811850141e-03
1.237184421172655459e-03
1.221899700026103089e-03
1.217921238650989443e-03
1.205486193814418478e-03
1.194543087945111647e-03
1.186041180643843725e-03
1.170124562958899800e-03
1.158021066604784152e-03
1.146296458473332206e-03
1.132870382121526926e-03
1.128729781973751567e-03
1.116945584346985777e-03
1.105107244417661162e-03
1.103287578767163640e-03
1.101745297219067611e-03
1.090007970874794447e-03
1.082312696158916742e-03
1.072205422850837147e-03
1.054171313459797412e-03
1.050403175730136923e-03
1.040070194897490434e-03
1.029451991375195932e-03
1.017410740430897426e-03
1.013286646839110447e-03
9.978590009219676094e-04
9.845394764331802211e-04
9.752380650226094919e-04
9.680936989455373549e-04
