7.676074531779111809e-02
2.859687429778281012e-02
1.612826029878075551e-02
1.129807586881383455e-02
7.507319255388483076e-03
7.100139815048548721e-03
5.705389062672904139e-03
4.657887056109700531e-03
4.135523028215553482e-03
3.762979570192141396e-03
3.486122876694155125e-03
2.765687095850605411e-03
2.429299099496219205e-03
2.226360184851608557e-03
2.111785333822905654e-03
1.956373807586824637e-03
1.915279318977063929e-03
1.727655947836735347e-03
1.666062640641063257e-03
1.575306923655031425e-03
1.472625758218188297e-03
1.367280724590866706e-03
1.316323525121568293e-03
1.276215652839186388e-03
1.244066362438039051e-03
1.174362759984120749e-03
1.166146043141369232e-03
1.127758837965120659e-03
1.081350944224281031e-03
1.059860936955659035e-03
1.043431584650364626e-03
1.025797572082879933e-03
9.999098032655816520e-04
9.685148596229669563e-04
9.439460087723237740e-04
9.370437874394426780e-04
9.168014505065956443e-04
8.996690561473171237e-04
8.871080369370005006e-04
8.689884650476201048e-04
8.602233753164219504e-04
8.405407327673718176e-04
8.312202372316480903e-04
8.216898238874978432e-04
8.108234932540803880e-04
7.919877973440662793e-04
7.902983660419737920e-04
7.753487398698365434e-04
7.695152477202380067e-04
7.631281933767934894e-04
7.524398225946933539e-04
7.422641045601807925e-04
7.327153444868422577e-04
7.238930822560940559e-04
7.169354703887074022e-04
7.082432903415316347e-04
6.981441491341469152e-04
6.943310124305019032e-04
6.868378960679476361e-04
6.851051860314411003e-04
6.701072866335711260e-04
6.656028163628532413e-04
6.627303819654529115e-04
6.554598432026332048e-04
6.496555626671092617e-04
6.430319847994039884e-04
6.391288925980389765e-04
6.348245187613415878e-04
6.289118507151156582e-04
6.223571181317548440e-04
6.124246876671127909e-04
6.098219391682375111e-04
6.024228236479702752e-04
5.998388409382251953e-04
5.934730659713584365e-04
5.905184441701839771e-04
5.886945206533054746e-04
5.862525776670149142e-04
5.808506879649513342e-04
5.806180860940675066e-04
5.731517201442055953e-04
5.685355333566127854e-04
5.660208705377888600e-04
5.611671302486739366e-04
5.573483636857034509e-04
5.541123048069351680e-04
5.485761889637758883e-04
5.464203902176595525e-04
5.429953574117462505e-04
5.382080599596526750e-04
5.346545756484021765e-04
5.339936243784535299e-04
5.272062232032677246e-04
5.260451562538685094e-04
5.222518430369133338e-04
5.209077774761832922e-04
5.141029802106746776e-04
5.133416699973945363e-04
5.086508787381009786e-04
5.060382637095282767e-04
