8.602760254908184412e-02
3.952075719800494935e-02
2.610700562871113087e-02
1.775620515850558426e-02
1.114940980053165040e-02
8.689428623419192046e-03
8.285887086891643646e-03
6.842797109704321437e-03
5.971201946128498229e-03
5.263301807938630672e-03
4.586020960768026448e-03
4.413081157261061933e-03
3.828676568636717181e-03
3.445935961049276849e-03
3.346686713664388628e-03
3.171020277799059886e-03
2.935731013310938307e-03
2.818032317088119913e-03
2.606354642589949529e-03
2.488698864557139980e-03
2.458520893644121873e-03
2.402751603378990280e-03
2.290286372674179161e-03
2.247328379559774929e-03
2.170321072535653928e-03
2.121684720518668583e-03
2.070847056947282619e-03
2.042314856477989160e-03
1.969209170918332849e-03
1.927858421014349861e-03
1.879580934145393253e-03
1.836441477740145042e-03
1.795261909494033289e-03
1.766395828623804802e-03
1.742086862366746267e-03
1.731706180174936343e-03
1.699019656399964511e-03
1.686275008061555863e-03
1.669690976497214619e-03
1.633912005933719179e-03
1.607177010029443636e-03
1.585479771298919580e-03
1.578013712112149051e-03
1.532180159630543550e-03
1.524209099140218932e-03
1.514484936614579700e-03
1.494756009529771583e-03
1.457997072851738036e-03
1.450189165706960688e-03
1.441170865117431983e-03
1.421747830004433137e-03
1.409539738348277284e-03
1.398762058347284912e-03
1.387920433777928677e-03
1.375596850456124775e-03
1.343748681536809054e-03
1.330366815171108059e-03
1.321447683483913680e-03
1.320333295642277726e-03
1.295118955938603282e-03
1.287444019620463459e-03
1.275022979239343263e-03
1.264802598079735893e-03
1.249373824668787271e-03
1.244483605850429941e-03
1.228773351677588804e-03
1.220822322750292300e-03
1.214348343090039745e-03
1.209139723775118531e-03
1.196071447971786342e-03
1.179037635221394549e-03
1.160799013469788988e-03
1.156993337116271788e-03
1.143638712560007299e-03
1.134834966677975877e-03
1.126787927597962171e-03
1.119013454684564170e-03
1.105636946762607884e-03
1.101224625504624481e-03
1.097236303772983245e-03
1.086266215709408029e-03
1.083462878596031746e-03
1.082564299512247087e-03
1.068143299322730144e-03
1.066338226844925447e-03
1.052847060625906189e-03
1.041014205085651415e-03
1.031564871753292388e-03
1.022970644338102621e-03
1.008228993796119518e-03
1.002895038640671784e-03
9.985009474228552680e-04
9.915373920702961683e-04
9.754123046708789574e-04
9.724966693247861279e-04
9.652997854108994868e-04
9.554001926655351310e-04
9.526797806029222576e-04
9.432054968742079222e-04
9.365831850644577372e-04
