7.670267880822481676e-02
3.433234879434416548e-02
1.975769279127893852e-02
1.494179658191117921e-02
9.139061776291878408e-03
7.326674150050718412e-03
6.862050373888439921e-03
5.704131922969380049e-03
5.018152652498276446e-03
4.810929518556986660e-03
3.820750757167804944e-03
3.808223627805780356e-03
3.238556314544314713e-03
3.020283014130102379e-03
2.862545689233752296e-03
2.723772713113646864e-03
2.541764944297114637e-03
2.380382917701710961e-03
2.274508710115514740e-03
2.143424764590928441e-03
2.065421471999151146e-03
2.010116868922033877e-03
1.992670605208980358e-03
1.960892334352413047e-03
1.875072226837239293e-03
1.822824598182001127e-03
1.781796889936807828e-03
1.747921863706512714e-03
1.697143014142665036e-03
1.684195930306660793e-03
1.609258565658833054e-03
1.581995686091758162e-03
1.561018610629662023e-03
1.531039472077675876e-03
1.510216453380951911e-03
1.499269191633162586e-03
1.452287743394965400e-03
1.434653058723882454e-03
1.406599645823343936e-03
1.388553914979043756e-03
1.375447027015127893e-03
1.362082286826586056e-03
1.341159048730516338e-03
1.335374254052605842e-03
1.313993013945007971e-03
1.301464475132280314e-03
1.275787498409960453e-03
1.256524265348937883e-03
1.247946110484404823e-03
1.237376254665035038e-03
1.223343054526690237e-03
1.209499056089655437e-03
1.200183392342130638e-03
1.193565763936511870e-03
1.189488653067104999e-03
1.165624924934632227e-03
1.154556311693685560e-03
1.148941008142814009e-03
1.147583463933695260e-03
1.134684248497958058e-03
1.123237987022364468e-03
1.113855490088150151e-03
1.107141132812115110e-03
1.083161919131763341e-03
1.077945018676389069e-03
1.062180749038005474e-03
1.053261140817802295e-03
1.045988086580235468e-03
1.044776387651836927e-03
1.039060093290068449e-03
1.024356147710576113e-03
1.007614447713677539e-03
9.937698222154483195e-04
9.910671749673376999e-04
9.744686576191764890e-04
9.717968914647239029e-04
9.649272669723504489e-04
9.477361403579458816e-04
9.442183736908637669e-04
9.337085368299859536e-04
9.277930007824025703e-04
9.193027947088426664e-04
9.174386365445779193e-04
9.086969413793847790e-04
9.010823305985778001e-04
8.928154527627586365e-04
8.873836436466898177e-04
8.847183404170264314e-04
8.795211687508451906e-04
8.726464774847862271e-04
8.637361116460688399e-04
8.612644133886804233e-04
8.547577572648093871e-04
8.410866174452409898e-04
8.335829587776731695e-04
8.307025842042450956e-04
8.182776773793322715e-04
8.061040273478646198e-04
8.002440921650618008e-04
7.955222665282729805e-04
