1.381200370612956085e-03 1.341676028532223786e-02 3.615249500772699243e-02
2.544388268556774246e-02 4.123207168874332140e-02 3.620447654352976219e-02
1.711189273828900292e-01 1.526415777339913404e-01 1.689222092569205858e-01
2.131297136041950813e-01 1.888870588015434393e-01 1.813613958058004627e-01
2.238332858359675104e-01 1.923285259008843395e-01 1.813688605351826411e-01
2.266812437299360328e-01 2.092208339689966001e-01 2.359750797407362821e-01
2.445214595371021371e-01 2.143107946449540613e-01 2.360121053055114215e-01
2.491025732409035687e-01 2.425004833312385255e-01 2.482518693215323147e-01
2.490183222690454112e-01 2.428637419030047484e-01 2.659377756669859538e-01
2.489479384658597194e-01 2.436556401995584320e-01 2.693767797142777587e-01
2.555219763362113206e-01 2.796632328674558687e-01 2.766097607099001765e-01
2.667046858580464086e-01 2.825289461089579568e-01 2.775220379139776705e-01
2.759283364729364640e-01 2.841167958042638553e-01 2.913692343420122288e-01
2.758581491253629947e-01 2.878264077303930302e-01 2.953030077860703262e-01
2.757762512486461315e-01 2.882567007022102112e-01 3.001818088509780047e-01
2.761540374501946227e-01 3.037750443574431802e-01 3.003869450678869901e-01
2.906691854030698519e-01 3.037552489211052809e-01 3.027143799108840128e-01
2.919639696031469667e-01 3.063685565232099339e-01 3.153719344069919606e-01
2.924635799635973976e-01 3.082216911771901158e-01 3.231440345039469086e-01
2.923882884823110206e-01 3.092023164468417074e-01 3.231845535897845956e-01
2.937477985764430644e-01 3.093750952882797778e-01 3.286524021979780885e-01
2.950696691238459124e-01 3.094372712256395763e-01 3.303654359367261817e-01
2.999330764792692561e-01 3.182082310212273057e-01 3.375766918669613759e-01
3.010245856604848447e-01 3.226632324694211906e-01 3.507848751147515376e-01
3.028255053905800631e-01 3.228283415344431750e-01 3.515238407781619001e-01
3.032356243045962740e-01 3.233341682426426056e-01 3.524096807149810218e-01
3.036811450271547086e-01 3.237342889718338723e-01 3.550046902382061331e-01
3.036079998483894871e-01 3.253523435979929213e-01 3.551262108179933374e-01
3.047090001519919822e-01 3.254222634564498673e-01 3.560664382152034513e-01
3.047141686818459760e-01 3.255065654979695244e-01 3.589938574510356251e-01
3.047574480320062174e-01 3.254767573345217491e-01 3.589727449907966772e-01
3.091565038903375529e-01 3.290660390603417085e-01 3.590729601346496214e-01
3.092921906404050292e-01 3.320660459587952973e-01 3.590394201696135434e-01
3.094238876177285436e-01 3.326560608872700664e-01 3.589670040235147797e-01
3.093779404122593002e-01 3.348396460292246690e-01 3.593839316908870041e-01
3.104710741500200655e-01 3.361261020895914831e-01 3.647472955639915471e-01
3.104101079804609808e-01 3.360511165312496384e-01 3.646931709312222214e-01
3.129573127986738923e-01 3.371719428502013560e-01 3.649304578053338410e-01
3.129328196260513506e-01 3.416922641773755265e-01 3.707325074061217363e-01
3.132088093856907340e-01 3.430066108368131639e-01 3.709090100095748799e-01
3.133789128210356933e-01 3.429326452247032364e-01 3.735498941243904358e-01
3.144570689516913431e-01 3.439417461557652267e-01 3.735440055392420522e-01
3.146181546037248866e-01 3.438795066096863584e-01 3.746904230710651484e-01
3.146238840072578258e-01 3.438276211994408804e-01 3.752771707515453192e-01
3.145984830015478018e-01 3.473486080554820665e-01 3.755092900588726801e-01
3.160542675921321765e-01 3.476708701840884874e-01 3.755139485703584690e-01
3.231299347843941128e-01 3.479063978684742153e-01 3.754513512096242511e-01
3.230776438268753159e-01 3.478757824660542175e-01 3.754249892410951306e-01
3.237161357825186769e-01 3.479196498097899548e-01 3.788507192812328173e-01
3.242409217202361082e-01 3.480473378525729133e-01 3.787802621397747815e-01
3.244017658189037867e-01 3.488331751047983875e-01 3.792062716942028455e-01
3.246459704536521773e-01 3.490650109629831466e-01 3.792834447554381816e-01
3.256848330786291656e-01 3.491900170245093582e-01 3.829835148050141358e-01
3.261690455668773136e-01 3.491960481230709235e-01 3.829753007499929751e-01
3.275799805102370676e-01 3.494661998904107225e-01 3.842102188969088727e-01
3.276094724135593106e-01 3.530886337124502505e-01 3.841548124995738389e-01
3.275332774699891702e-01 3.532631343744774277e-01 3.841272788154700413e-01
3.274588307823212974e-01 3.533061468925257076e-01 3.840705169897504767e-01
3.274013445504538877e-01 3.534463333300060794e-01 3.851617550865255035e-01
3.278310762614711216e-01 3.539329446483453490e-01 3.855249841008896450e-01
3.278496652198394923e-01 3.538615403037342899e-01 3.854610566436591501e-01
3.278433102073480265e-01 3.542097166223835414e-01 3.856664524422249718e-01
3.293337065045874867e-01 3.541779018632691400e-01 3.859235655475499183e-01
3.336855697635335849e-01 3.550067535774663607e-01 3.872106823238972151e-01
3.338861261157368698e-01 3.557647984373091266e-01 3.903208203105192897e-01
3.346725378345795088e-01 3.575676383168979733e-01 3.902769266036572038e-01
3.346503665729655408e-01 3.577136515956401697e-01 3.974390082359610110e-01
3.360997421905567162e-01 3.603401199748332839e-01 3.992134472961604841e-01
3.365167615601065698e-01 3.605794195488654097e-01 4.009233972441019755e-01
3.365844024075302920e-01 3.605412437814662363e-01 4.014274111807293322e-01
3.365108182153813132e-01 3.610539837635610150e-01 4.015625151658226422e-01
3.365003656423731782e-01 3.611619407169617268e-01 4.023944166900395025e-01
3.369424078176764814e-01 3.612336595723224519e-01 4.054863454342156892e-01
3.368683853728410282e-01 3.612004700720051753e-01 4.089246793945012781e-01
3.376454609658160466e-01 3.619926099799694041e-01 4.095030665721809404e-01
3.376363271372493369e-01 3.619435109895979830e-01 4.097290243919040620e-01
3.380780403804592993e-01 3.618841490011677209e-01 4.108988652922046514e-01
3.380026426382055638e-01 3.620940269242237664e-01 4.108398657234286766e-01
3.382796293279900501e-01 3.625082204837705158e-01 4.125637427737304241e-01
3.391389176370646075e-01 3.624557430850455786e-01 4.127953746818782133e-01
3.410616906204470000e-01 3.646370850507554273e-01 4.134390440852309112e-01
3.421843272269069480e-01 3.655018707689465796e-01 4.150974990740238235e-01
3.422949600110548607e-01 3.656462363282296790e-01 4.165538045708283565e-01
3.425214333711000814e-01 3.682818899022558545e-01 4.165047034828979200e-01
3.431559558407224486e-01 3.691578708929033059e-01 4.168617181893533585e-01
3.445994588118146407e-01 3.706667638725511527e-01 4.171048704936567431e-01
3.445291160881959192e-01 3.705981490058689598e-01 4.198717954629961335e-01
3.512612161714108172e-01 3.727582924965784361e-01 4.200860404588221408e-01
3.513765149756424844e-01 3.758950094341122483e-01 4.204316986443833448e-01
3.513362016061492010e-01 3.758323956875787575e-01 4.203738568229785644e-01
3.512880307230833443e-01 3.759854229508147183e-01 4.271897418909678112e-01
3.566259523844046431e-01 3.760391675400591716e-01 4.280638004387665729e-01
3.597288556461480935e-01 3.763868486516724898e-01 4.283322017922643887e-01
3.597054101339877130e-01 3.763214969791683906e-01 4.294594302395845498e-01
3.596592184857941854e-01 3.762588672918588673e-01 4.302852587198222611e-01
3.610761349774049833e-01 3.763481752429783667e-01 4.305667840989213513e-01
3.610661054769966904e-01 3.767540800813913293e-01 4.305137572889801145e-01
3.610836573323630283e-01 3.767360872627819601e-01 4.311192886494826793e-01
3.612576211147142669e-01 3.767311199148996037e-01 4.310655333110537946e-01
3.624103824688730269e-01 3.766852070337937120e-01 4.315398523889187876e-01
