4.483897855566792295e-02 3.212897224291707404e-02 1.482455796626492607e-02
6.480813132840121393e-02 6.982079687442954707e-02 7.440747349576566638e-02
1.091652164308471590e-01 7.186375841690310906e-02 8.474712380305780834e-02
1.357024962383967526e-01 1.187187122983816290e-01 8.808194703126769054e-02
1.380043932991191769e-01 1.277438595885970196e-01 1.098877696962655276e-01
1.494617410356882947e-01 1.277488983665030498e-01 1.157993652870589474e-01
1.511474158641096799e-01 1.278170214452887254e-01 1.253488440641550572e-01
1.532908006951908264e-01 1.327399401835539505e-01 1.296538291920187880e-01
1.533539651364208278e-01 1.564793448632857964e-01 1.437281863895631118e-01
1.635709181600743800e-01 1.573812364376536710e-01 1.493156011470009037e-01
1.635787359642708605e-01 1.579877804106539496e-01 1.508603845916243746e-01
1.638733225231507884e-01 1.580462978552301390e-01 1.614331508299595430e-01
1.641544822391509117e-01 1.580777465747418009e-01 1.614461784284616508e-01
1.641628708142521820e-01 1.580992137332177527e-01 1.646730962161815082e-01
1.644037098841130695e-01 1.589289198499787004e-01 1.650616193123047581e-01
1.654026793987824206e-01 1.614824610914669667e-01 1.659960709022610115e-01
1.654220750364538972e-01 1.619408349629994359e-01 1.719478781899544395e-01
1.656649282409165813e-01 1.632092089924467582e-01 1.725211614994923148e-01
1.677680821831078750e-01 1.637280288779986437e-01 1.725971045498683187e-01
1.699145579033780051e-01 1.639397155416913721e-01 1.778095467902869042e-01
1.700643016598045176e-01 1.642344256541805325e-01 1.778109610335893986e-01
1.707783912677138249e-01 1.680665758430840429e-01 1.778115735639979322e-01
1.711431531468385892e-01 1.681290731396855032e-01 1.782458631159477558e-01
1.711882571793279240e-01 1.681560879600856873e-01 1.783383001259332135e-01
1.739292443706924318e-01 1.727322918000475105e-01 1.783514283061169992e-01
1.739296419372543812e-01 1.728785289583651408e-01 1.791128453941306931e-01
1.821279226809054685e-01 1.918121111600313844e-01 1.804938207398217032e-01
1.897976310864554483e-01 1.919151947742775421e-01 1.814567106650030182e-01
1.902420255250439063e-01 1.920322287372615011e-01 1.859306215440442445e-01
1.907340841021582800e-01 1.979918431605723339e-01 1.924166032553555616e-01
1.960816478950310748e-01 1.998656661237067089e-01 2.003576834850899768e-01
1.977466316031882554e-01 1.999015900867984752e-01 2.044054366021629265e-01
2.183709422317206827e-01 2.049700063308130260e-01 2.047878274877977245e-01
2.197246884639592890e-01 2.049710535330382666e-01 2.103646433283811457e-01
2.197868617737171182e-01 2.163061445374610814e-01 2.103646693190340533e-01
2.203328103905923818e-01 2.181715041910056718e-01 2.106940197285513128e-01
2.207655712871317566e-01 2.224848945348504858e-01 2.113895253001950025e-01
2.278556054078788862e-01 2.253179237959090642e-01 2.119149337422722157e-01
2.285259723374469809e-01 2.270210555740065916e-01 2.140189329520275352e-01
2.285313560190962712e-01 2.271345875857316565e-01 2.141959738165541693e-01
2.308453921638241590e-01 2.271470546285857539e-01 2.189861415076198026e-01
2.315247934358475035e-01 2.319587433927929876e-01 2.190364417653148099e-01
2.327445915613903793e-01 2.323493998572843666e-01 2.190530477373710816e-01
2.329632201561981641e-01 2.356469551195651269e-01 2.198619902375197610e-01
2.337224793010778956e-01 2.370448702362250304e-01 2.201773262961954358e-01
2.337384162893456907e-01 2.386662096746809680e-01 2.256383803336150518e-01
2.337536255367649030e-01 2.393756020539835327e-01 2.264350994392304306e-01
2.398840388952640235e-01 2.396857382562416483e-01 2.298060314503849177e-01
2.402503434941615779e-01 2.420393399591827532e-01 2.314052450429919527e-01
2.414036996119392764e-01 2.422394428926692433e-01 2.318669689094839670e-01
2.430293408176433800e-01 2.422791877986169573e-01 2.326676029711310101e-01
2.430304079238611026e-01 2.424710337086472267e-01 2.406682297766762624e-01
2.432503895052540999e-01 2.580117287643508561e-01 2.409013636971311101e-01
2.433005844811138296e-01 2.683416690702978280e-01 2.417174885864847855e-01
2.476718058208090822e-01 2.688019670691987884e-01 2.445237047964870236e-01
2.511828732768240369e-01 2.711309608454267606e-01 2.646457470187635885e-01
2.521971386710784024e-01 2.712233088341075016e-01 2.673291541567109908e-01
2.531653991973210616e-01 2.739797068155703785e-01 2.675256792407636475e-01
2.588408008758222301e-01 2.746163515680822842e-01 2.678188537220231313e-01
2.590589936169176433e-01 2.746163516300724194e-01 2.702298022378670228e-01
2.591756203998522023e-01 2.746446661798998545e-01 2.758332987063714659e-01
2.595316703657485347e-01 2.747293200343638997e-01 2.758564445362381434e-01
2.602089816633750829e-01 2.748810443032742579e-01 2.758977001264283357e-01
2.602166754105131319e-01 2.750875469660668537e-01 2.759793210929218921e-01
2.605112270860437396e-01 2.751576741947820981e-01 2.762542110511759796e-01
2.636192281826857942e-01 2.758541251714926035e-01 2.765032352885177791e-01
2.643476770482005023e-01 2.769423734514706026e-01 2.766071512419945311e-01
2.649531360211117015e-01 2.770073873902808015e-01 2.884600387288861478e-01
2.677226872907073063e-01 2.793047518776045623e-01 2.885597623782352183e-01
2.686106052776178754e-01 2.816155055240359695e-01 2.886827042056153148e-01
2.686110622257526503e-01 2.822476013960255048e-01 2.927037621026600256e-01
2.687621518053340264e-01 2.835184772306297285e-01 2.928346247920732282e-01
2.698828678934070968e-01 2.883868113826356661e-01 2.928370071196101931e-01
2.733423764284926838e-01 2.986525971654885869e-01 2.928412111627707870e-01
2.888040249926888681e-01 3.046281658600083486e-01 2.956165222603584497e-01
2.889942308823124639e-01 3.062078691754003823e-01 2.963524164029388008e-01
2.919000540106092001e-01 3.062736970362841538e-01 2.977451313623390994e-01
2.943468757396272562e-01 3.069149223769541135e-01 2.979072191794389646e-01
2.945837520813888721e-01 3.070763690345035823e-01 2.993800893178124034e-01
2.946163336747036343e-01 3.086667255826739953e-01 2.994264241063547827e-01
2.961884043854177695e-01 3.088281721562219917e-01 2.994336884883043726e-01
2.962118708907650610e-01 3.128713519437930080e-01 2.994340550136189161e-01
2.967919634696893905e-01 3.128839135549634776e-01 2.998951305507439047e-01
2.993328651628758830e-01 3.157276270044073185e-01 3.033051051325949543e-01
2.996418803715948376e-01 3.174671086994928504e-01 3.033317860791956422e-01
2.999150645036858243e-01 3.176911809747228754e-01 3.040248853890755165e-01
3.070608034411076437e-01 3.179786233034749832e-01 3.041228509898819543e-01
3.078874560478566669e-01 3.189123616767203795e-01 3.041946405513951679e-01
3.102473121544658263e-01 3.189195961021237258e-01 3.079447402881668183e-01
3.106132485529796705e-01 3.195665998902130767e-01 3.081689906281436242e-01
3.130595579592630462e-01 3.200116733258463464e-01 3.084475779062809120e-01
3.131198401180388946e-01 3.204526223540226093e-01 3.086875345872898690e-01
3.131643121867710433e-01 3.230664892133627841e-01 3.102013468632960902e-01
3.146806460319754861e-01 3.244976046339455023e-01 3.103612000575126650e-01
3.157131020182213921e-01 3.247101216914659028e-01 3.117256344820775182e-01
3.191725702050457469e-01 3.250504698547250215e-01 3.117327835814573400e-01
3.205493204897112425e-01 3.254632301906836833e-01 3.140493572657667154e-01
3.206284922750032296e-01 3.258928544631603530e-01 3.147852379934495404e-01
3.212148748969387846e-01 3.291092534691425486e-01 3.220704272154019110e-01
3.225534605286446976e-01 3.291165676373300486e-01 3.220813064490106181e-01
