1.785099496656505913e-03 8.066173920430186328e-04 -6.069447709977637828e-06
3.750114111458424659e-03 4.425271257886831400e-03 5.087098623202446213e-03
1.124715771931339425e-02 4.489934956453112136e-03 6.508978082568117607e-03
1.752765815068046962e-02 1.320271683858664780e-02 6.861285110443593460e-03
1.793628769023569713e-02 1.520648653274614404e-02 1.095851805418923686e-02
2.101227034401564886e-02 1.498507245914981745e-02 1.207083556379817679e-02
2.129836156269859782e-02 1.477970631447511618e-02 1.415385864661100612e-02
2.173064504548594122e-02 1.584182817544566024e-02 1.503058619766273196e-02
2.152867552889614622e-02 2.249899470708927041e-02 1.866320451733660679e-02
2.455253749481389747e-02 2.256144944695859245e-02 2.008214539212727079e-02
2.433426209485256564e-02 2.253192085558597402e-02 2.032515564797277019e-02
2.421004842158180903e-02 2.232911767817569171e-02 2.341408786051801805e-02
2.408153123036571586e-02 2.211764563937890227e-02 2.319710932643903600e-02
2.386319791913871224e-02 2.190291350203199539e-02 2.403151067609499147e-02
2.372140282143164747e-02 2.194520782312692209e-02 2.393889807722160423e-02
2.383078615437195236e-02 2.254467802241211238e-02 2.402814861861668483e-02
2.361592406469925631e-02 2.247190321249981082e-02 2.582601907262915830e-02
2.347525550542273187e-02 2.266433669717937693e-02 2.580340233201205979e-02
2.395805393636774028e-02 2.261302086856742388e-02 2.560876825198055151e-02
2.446474502328610523e-02 2.246096821552234779e-02 2.722247913020547916e-02
2.429453693582628304e-02 2.233633024581949122e-02 2.700224982925225614e-02
2.431769507711611933e-02 2.339422234927546196e-02 2.678163403258593256e-02
2.422157191967577727e-02 2.319363945260755067e-02 2.671613851443843668e-02
2.401553021597802040e-02 2.298097383401642713e-02 2.652827974804383704e-02
2.474520038866723226e-02 2.432790751274949148e-02 2.631189619585339035e-02
2.452379138955451676e-02 2.415710426306116876e-02 2.636449100019822023e-02
2.723911106671150772e-02 3.088263373859656546e-02 2.664291509923111256e-02
2.988874210590197755e-02 3.070218750870146174e-02 2.677243394188055792e-02
2.983821307445611026e-02 3.052707358985751185e-02 2.820568942628565168e-02
2.980636278405257578e-02 3.264688706625618053e-02 3.045541892539416207e-02
3.166881928482878639e-02 3.317765469874112139e-02 3.337595979519614176e-02
3.210903461340319787e-02 3.297218817312974615e-02 3.480638013821746313e-02
4.053538648179078052e-02 3.481962481382860908e-02 3.474441503951863908e-02
4.091468797234276700e-02 3.460039871599684957e-02 3.685788294953595834e-02
4.072391031790811855e-02 3.919390066611383450e-02 3.663864923753978875e-02
4.074774831066874103e-02 3.979223806179776890e-02 3.655911720876492410e-02
4.072178823951189131e-02 4.149030090663508030e-02 3.663573967491662309e-02
4.371154592373593939e-02 4.255158143460002762e-02 3.664062741959295266e-02
4.380232453581300867e-02 4.311067264029366797e-02 3.732526107679134952e-02
4.358689565658135923e-02 4.294463428215433698e-02 3.718237564912918458e-02
4.444183404982282592e-02 4.273219362283431355e-02 3.905731265201772828e-02
4.454111160721707652e-02 4.474416644376277841e-02 3.886046310412261118e-02
4.489508731148894594e-02 4.470948385492867772e-02 3.864862130847523947e-02
4.478006472151518924e-02 4.605031259668224131e-02 3.878795551595604074e-02
4.492010044762184684e-02 4.650023220834031967e-02 3.870883582791739830e-02
4.470967332726494270e-02 4.706202329128406081e-02 4.094964423846736423e-02
4.449880677715944977e-02 4.718726454162180950e-02 4.109477253935478469e-02
4.721607045371667422e-02 4.711992986431301489e-02 4.243065656853128864e-02
4.717633365146267632e-02 4.804880345773865358e-02 4.295781214245308899e-02
4.752055781346364860e-02 4.792937605313252192e-02 4.295555631678260600e-02
4.809963800342997864e-02 4.773134087458386077e-02 4.311315902602375072e-02
4.788263534022718648e-02 4.760783164173565396e-02 4.672647608437785482e-02
4.777327723361624034e-02 5.526221509512674324e-02 4.662221527229815088e-02
4.758029956235443336e-02 6.055055075118598307e-02 4.680299047222813424e-02
4.953564543218458294e-02 6.058607703860907634e-02 4.796667667074216990e-02
5.109219471765202858e-02 6.164481399367371939e-02 5.812568170739207396e-02
5.139232202099841551e-02 6.148087499390553212e-02 5.935631974305655145e-02
5.167106634611828841e-02 6.278885296452862974e-02 5.924757694542692743e-02
5.439908975807750124e-02 6.292831638468510125e-02 5.919132135901450376e-02
5.429716017597552291e-02 6.271378535610239169e-02 6.029096114920695637e-02
5.414188786401863407e-02 6.251492535819713758e-02 6.317838108296480737e-02
5.411255440082385348e-02 6.234736838699739270e-02 6.297675966994498165e-02
5.425296321350336903e-02 6.221714957334634200e-02 6.278518374115882317e-02
5.404031032397527134e-02 6.211749444307246293e-02 6.261612858103737800e-02
5.397916259626189817e-02 6.194169373058755479e-02 6.255534512975657879e-02
5.541593064475103247e-02 6.211620053544630871e-02 6.248016621027252526e-02
5.558983821694962746e-02 6.251196107690093484e-02 6.232354807074846903e-02
5.569869842756225431e-02 6.233351703452638670e-02 6.891062170011186261e-02
5.698069157451535194e-02 6.341668901310759665e-02 6.875547347812072108e-02
5.724817276855487247e-02 6.451874555458092519e-02 6.861389441242271570e-02
5.703204588458254953e-02 6.466626145346487942e-02 7.077601102151076518e-02
5.689810376132353742e-02 6.518244141293505489e-02 7.064058220718749670e-02
5.729533468428815723e-02 6.779868375281139503e-02 7.042860030169006968e-02
5.899005257287825987e-02 7.371342653099999254e-02 7.021760611105531957e-02
6.761534113809730684e-02 7.716769087965957841e-02 7.166530202881116196e-02
6.751291821962801531e-02 7.793743369744832172e-02 7.189522375300050339e-02
6.901645091715757907e-02 7.776654587644504790e-02 7.252396663066440485e-02
7.026259477552543320e-02 7.795478061073757292e-02 7.240903294336842322e-02
7.019085074656417067e-02 7.784369494293008618e-02 7.309145156878282812e-02
6.999655348641109498e-02 7.862887603796486768e-02 7.290652720111434615e-02
7.072870537520248302e-02 7.851847046717264078e-02 7.269768659191411242e-02
7.052904703485474158e-02 8.086751084292420622e-02 7.248454108650326244e-02
7.066569804815814315e-02 8.066398351933512512e-02 7.255268849024743005e-02
7.199574726709323524e-02 8.227450776916400699e-02 7.443585945262687353e-02
7.197078400666057085e-02 8.318618390085275038e-02 7.423924556858618740e-02
7.192408443763376180e-02 8.312017403876803545e-02 7.445533111567292917e-02
7.613450817378664137e-02 8.309534042622623851e-02 7.430289268335732444e-02
7.644029203275082285e-02 8.349081984659778577e-02 7.413415475734219662e-02
7.771607085758636124e-02 8.328430294223820862e-02 7.626344236953774836e-02
7.773537413380682271e-02 8.349465433271630044e-02 7.619153189758098854e-02
7.908043300755107641e-02 8.357396400129213365e-02 7.615391145735650458e-02
7.890659216407203136e-02 8.365101538081587407e-02 7.609207505500104052e-02
7.872256354337459072e-02 8.515779080895136133e-02 7.683592828308116740e-02
7.948266473126897047e-02 8.589354482304778493e-02 7.672427361875755469e-02
7.993534490296438921e-02 8.582357357755976413e-02 7.737859995842621963e-02
8.196799667341736484e-02 8.583859039470909114e-02 7.717017773612055986e-02
8.265649186456958120e-02 8.590203631559389930e-02 7.843924051240191986e-02
8.249654634161163180e-02 8.597710015057957733e-02 7.869962945282105160e-02
8.266957574463573710e-02 8.792088804262887525e-02 8.323252631849586969e-02
8.333927304455102103e-02 8.771507448851456612e-02 8.302787368583153249e-02
