4.451639132264432419e+01
3.758930203686021798e+01
4.350558163826925551e+01
4.360862049417080044e+01
4.234361916833532291e+01
4.268773550736276690e+01
4.439474674147002276e+01
4.180718363056023890e+01
4.329702125110692634e+01
4.619550094105839122e+01
4.473181857003105932e+01
4.339483114389273055e+01
4.033562792847487799e+01
3.794758853641166496e+01
4.874013839721679631e+01
4.194802631031382845e+01
4.515700389720775121e+01
3.998553487007191620e+01
4.026994333638773327e+01
3.981449766416807279e+01
4.062119256533109279e+01
3.780662124387679768e+01
3.685739135742187500e+01
5.327874111819576797e+01
4.222005237977197822e+01
4.504342478159311725e+01
4.624451479097692186e+01
3.969593447533206643e+01
5.110323885653881604e+01
5.339738379258376000e+01
4.074639562818739336e+01
4.632402862737207982e+01
5.353437752193875099e+01
5.745828221061012897e+01
5.419301223754882812e+01
3.372399980681283438e+01
3.777692533163499888e+01
4.029842440287271899e+01
3.297114227173176459e+01
4.094766259300334355e+01
3.457676652137269713e+01
3.764126194224638056e+01
4.445000608096569295e+01
4.346836715869689272e+01
4.011372259946969621e+01
4.515877285200296143e+01
3.803381538391113281e+01
4.453146993196927639e+01
4.009005378854686086e+01
4.311177626795738860e+01
3.409598383344616934e+01
4.171367915083722266e+01
4.134985132686427534e+01
3.882485236130751360e+01
3.882491292140280592e+01
4.177781354118796031e+01
3.379013720853829028e+01
2.203301856301047579e+01
2.844740658618034246e+01
3.334524116241674818e+01
3.602668459150526559e+01
3.918938474655151083e+01
4.386689394369892625e+01
4.339105270848129692e+01
4.388479707596150092e+01
4.705489414143112725e+01
4.954313446888372852e+01
4.358826668794490189e+01
4.166862619573419835e+01
4.380114291361625334e+01
4.077839613933952734e+01
4.225325012207031250e+01
5.143102748291965298e+01
4.821474146671432237e+01
4.836801563262939396e+01
4.711778247461909785e+01
4.663528847694396973e+01
5.123263457589898451e+01
5.004847994717684401e+01
5.730782037493826664e+01
4.636587046651006716e+01
4.269976588315184074e+01
4.750900727510452271e+01
5.024034609369269333e+01
5.127222027854313779e+01
4.783339059665408399e+01
4.034281656126312754e+01
3.840756348918255014e+01
4.967403281075613819e+01
3.667861442565917685e+01
4.278465695100672406e+01
4.549353606069190192e+01
4.051216338320476495e+01
3.932190614588120070e+01
4.294747543334960938e+01
4.163481047948201308e+01
4.488672460511673279e+01
4.522058736627752040e+01
4.348097120012555905e+01
3.451790759248553542e+01
3.896513060110586935e+01
3.741871920375959348e+01
3.789879661136203026e+01
3.363466782918790443e+01
4.176691786205495305e+01
3.936364595638298880e+01
3.532478217004050691e+01
4.683182316441689608e+01
4.510891723632812500e+01
2.451270955608736912e+01
4.686927274673703891e+01
2.928548529273585288e+01
4.529639488220215071e+01
4.360019038972400551e+01
3.786260142693152630e+01
4.365146265274439230e+01
4.971858380759032059e+01
2.680995202618975881e+01
2.933435823932383713e+01
3.089543819018187776e+01
3.631689292797143764e+01
3.273579645740742450e+01
2.915703793575889335e+01
4.891539141026938609e+01
3.771509605905283991e+01
3.736162595395688868e+01
3.707848909695943007e+01
3.989246264511977103e+01
3.653461586650292503e+01
4.162066058012155167e+01
3.050350219325015289e+01
3.921735022144932969e+01
4.046658947087135516e+01
3.731915476953559363e+01
3.381107999183036128e+01
3.886841827392578352e+01
4.171862604329874102e+01
3.940460255940755019e+01
4.186176827994499661e+01
4.510427132630959335e+01
4.454104655129568613e+01
4.319974999834401075e+01
3.790274212636104068e+01
4.683719057025331267e+01
4.703440027388315059e+01
4.349959613658763402e+01
3.987688422053115289e+01
4.009326673835836630e+01
4.424029160295347651e+01
4.745553478861963725e+01
4.091588318621526099e+01
3.556714758581044578e+01
4.168498039245605469e+01
4.244308594294956549e+01
3.852021722232593959e+01
3.726873752049037591e+01
3.972014158599230882e+01
4.157230709620884568e+01
3.954716930389404439e+01
3.616602283975352350e+01
4.771824013745343507e+01
5.392482620477676392e+01
4.146247887989831327e+01
3.564049332358620603e+01
3.903140838057906592e+01
2.645488789142706310e+01
3.928200054168701172e+01
4.396821212768554688e+01
4.605827735126882061e+01
4.145617904663085795e+01
4.348276289119277038e+01
3.136679045833758295e+01
4.707203934218857455e+01
4.734253381427965479e+01
3.812080646028705644e+01
3.884324580939241400e+01
4.379811518800024572e+01
3.110705704322228016e+01
3.661817391216754913e+01
3.425971383061902031e+01
4.231679874454096080e+01
4.349023743679649101e+01
4.338729427306632402e+01
4.463843477982253205e+01
4.183449867754229956e+01
3.974594939549763950e+01
3.679835873842239380e+01
4.046883102699562329e+01
4.333780291778180782e+01
4.372337920972088909e+01
5.326127725119118850e+01
4.469294494557603770e+01
4.161068613999555055e+01
3.054165075558088560e+01
4.363891264343261867e+01
4.040509745279948106e+01
4.104750758677989353e+01
4.193090381736526950e+01
4.120878627202282019e+01
3.838182387241097615e+01
3.941074063701014296e+01
4.446184521336709139e+01
4.196488398597354319e+01
5.030722577644117166e+01
3.534619397844586786e+01
4.623784204691398259e+01
4.187693314436005210e+01
4.195961019155141258e+01
4.618247234821319580e+01
5.175741464120370239e+01
3.304880572265049210e+01
4.621408879440442519e+01
4.326221842882110025e+01
5.009768766037961285e+01
4.507057330844638443e+01
3.588733720779418945e+01
3.494166296178644160e+01
4.097402500308579221e+01
3.453429632622578538e+01
4.053477681067682425e+01
3.654937246043211019e+01
3.751699926182181599e+01
4.355845867413930961e+01
4.506552092994799352e+01
4.306132129747040693e+01
4.617843697287819538e+01
3.621556612910056572e+01
3.964766242287375775e+01
4.396888980349979192e+01
4.433226922353108534e+01
2.999453827022582075e+01
4.260274887084960938e+01
4.061882036924362183e+01
4.154068088531494141e+01
3.981312406461920972e+01
3.967644448565621929e+01
3.552968133014181262e+01
2.212837674458821624e+01
3.275288822965801927e+01
3.335492843130360541e+01
3.150317738695842351e+01
3.916838331144999330e+01
4.441274714878627350e+01
3.920050205570636592e+01
4.326956140672838558e+01
4.721616676205494656e+01
5.251095072428385180e+01
4.420828786554695711e+01
4.038874649105215298e+01
4.286132248326352112e+01
4.460483610282823719e+01
3.989808144003657731e+01
4.893275892783584879e+01
4.746123767721241649e+01
4.289498813770435248e+01
3.755114424332328582e+01
4.285610690062073758e+01
4.372815367114861118e+01
4.341285903544365254e+01
4.072693464491102588e+01
4.769204336180722947e+01
4.773198205996782661e+01
4.982096302180000436e+01
5.303222788116078590e+01
5.296709731252570208e+01
4.969954802425031914e+01
4.203170799663048740e+01
3.766319915226527826e+01
4.450955122289523302e+01
2.929650596777598182e+01
3.847715882694019740e+01
4.299711781013302669e+01
3.653100835193287566e+01
3.028645936103716352e+01
4.485691040039062472e+01
4.266879970696823676e+01
5.293719574899384384e+01
4.774084330714025981e+01
4.066800636008933623e+01
3.784427553221237162e+01
4.039075843147609390e+01
3.638088511324476571e+01
3.791601324981113663e+01
3.766926339093376441e+01
3.652256925209708527e+01
3.634146762448688150e+01
3.086999558972882696e+01
4.684224013793162555e+01
3.941873051295770836e+01
2.357873440272917165e+01
4.186559347788492857e+01
2.594812641446552703e+01
4.500917542148643946e+01
4.290273951212564896e+01
3.959328704656556397e+01
3.685864508831438968e+01
4.499621158404491439e+01
2.659095994816269837e+01
2.872270473502796762e+01
2.922097531648782720e+01
2.379514621791982876e+01
2.996721144211597831e+01
2.890831742684046546e+01
4.498501483599344652e+01
3.583482962756900037e+01
3.694040410859243906e+01
3.228487919078153823e+01
3.611923398362829118e+01
3.912821068536667468e+01
4.293531086902744676e+01
2.908705093986109702e+01
3.649126388913109054e+01
3.970391014402946439e+01
3.936381547852656126e+01
3.560714161053252269e+01
3.658464185780492528e+01
3.792202853368333848e+01
4.060830905825592652e+01
4.164347807245222555e+01
3.935203690962357825e+01
3.926340769717567980e+01
3.535569939246544635e+01
4.009760197159511819e+01
4.540309934003637693e+01
4.486494068263732515e+01
3.708628401505319516e+01
3.759231846717096204e+01
3.216114228450287271e+01
4.544517408561301863e+01
4.301142720391958818e+01
4.393166427977347155e+01
3.854293303794049308e+01
4.131138253000985117e+01
3.577384195489398167e+01
3.552620062280873725e+01
3.902000901963975821e+01
4.305932205992859707e+01
3.900799483287183733e+01
3.974861233051006337e+01
3.002361242455172174e+01
4.272282456762997072e+01
5.161702193154228979e+01
3.909291338151501094e+01
3.174634176684964260e+01
3.918090919347909562e+01
2.168147095179153538e+01
3.480814181368775451e+01
4.232386585973924298e+01
4.493615470788417809e+01
4.890361682788746123e+01
4.566468441009521229e+01
2.590657480936201651e+01
4.636598988850911240e+01
4.787097890517291177e+01
3.326851626513476390e+01
3.857293051260489136e+01
4.065376087876617106e+01
2.993779086315725735e+01
3.575411385063111425e+01
3.111791440885360771e+01
