3.210645486071938848e+01
3.181571649525263368e+01
2.683614936627839853e+01
3.072441637535279924e+01
2.803474496450905207e+01
2.559431371398249411e+01
2.839479543724838706e+01
2.681135556808671794e+01
2.688156144544222670e+01
3.248149211110632706e+01
3.040596890449523926e+01
2.952656022585355444e+01
2.566413478977632678e+01
2.438009730786508911e+01
3.427599082946777287e+01
2.478280050104314469e+01
3.153110747160734917e+01
2.693566126539217720e+01
2.048901146727722988e+01
2.741222056827029618e+01
2.637778814022357565e+01
2.693434619903564453e+01
3.085033140511348293e+01
3.590822323885831224e+01
2.995229399277388538e+01
3.027728847812961988e+01
3.026661879841874381e+01
3.131266072867573058e+01
2.913342293272627259e+01
3.591084766387939453e+01
3.341528973897298016e+01
3.195154778751326319e+01
3.118860795762803662e+01
3.705321628397161504e+01
2.948426446127235323e+01
2.870056002480643187e+01
2.603116381979737781e+01
2.774290277928481885e+01
2.509714689660579623e+01
2.700912067601499089e+01
2.477453486124674598e+01
2.470552135916317127e+01
3.097468994403707399e+01
3.011550142523947571e+01
2.475128072958726122e+01
2.623942911993596994e+01
2.540710982384040406e+01
2.639017986884483946e+01
2.389304988137606856e+01
2.486283059989881039e+01
2.545323064142926484e+01
2.594083930557197704e+01
2.213673416512911274e+01
2.862377860329367962e+01
2.899374465794526401e+01
2.676237907409667827e+01
2.720104549549244055e+01
1.878951012004505472e+01
2.378317502204408029e+01
2.558689733546414757e+01
2.814608084360758511e+01
3.103764460881551202e+01
3.110371549102081801e+01
2.660103017633611344e+01
2.846041837651678819e+01
3.605999068494112691e+01
2.994687259616564390e+01
2.537281410753234212e+01
2.699043425126509277e+01
2.769387923486974756e+01
2.517075168843172150e+01
2.779596655353222090e+01
3.062395200469614309e+01
3.065018096073068321e+01
3.224511548042297449e+01
2.912516563550560988e+01
2.826036518270319320e+01
2.820561621799942031e+01
2.510642808133905746e+01
3.081127828839181504e+01
2.567256971933309373e+01
2.825395396970353090e+01
3.083788415789604187e+01
3.116558311354945943e+01
3.245365969340006274e+01
3.116525905766290805e+01
2.849245987191105556e+01
2.797316675974910538e+01
3.047374280293782434e+01
2.727067003752055996e+01
2.886718082427978516e+01
3.195066258031078732e+01
2.893353265669287566e+01
2.690574270937623069e+01
2.572292000356346620e+01
3.283553669717576895e+01
2.774903623447861634e+01
3.066532311873002570e+01
2.845015787699865939e+01
2.619466166226369097e+01
2.801923246030454351e+01
2.702829045775934347e+01
2.457723275820414344e+01
2.311084247682152792e+01
2.850118305118939332e+01
2.719694231163640907e+01
2.593608222209232039e+01
3.119791950278567683e+01
2.825734332484057987e+01
1.942182905955981198e+01
3.076122335403684716e+01
2.405896181809274736e+01
2.707883838653564368e+01
2.913086979729788695e+01
2.551418861976036823e+01
2.265191355974246434e+01
2.785197227749623750e+01
1.998713362494180501e+01
2.010845878888975946e+01
2.186894436455591517e+01
2.793841623223346105e+01
2.269839760527318973e+01
2.579864163984332137e+01
3.315707291626348763e+01
2.885035060108571869e+01
2.458835003111097706e+01
2.457295408248901225e+01
2.557928107036807575e+01
2.334208708911684838e+01
2.618682631620993817e+01
2.292287646982658345e+01
2.786688466225901095e+01
2.953438653865782015e+01
2.866503787134946890e+01
2.632456528818284980e+01
2.534158622741699318e+01
3.116069226736550846e+01
2.828918762207031179e+01
2.836406192463405773e+01
2.992764718715961081e+01
2.793668862751551885e+01
3.210234059474264967e+01
2.675425149307769956e+01
2.985769942312529679e+01
2.888811888518156934e+01
2.801127620979591626e+01
2.592989187420539210e+01
2.895667348369475391e+01
3.134653820644895816e+01
2.935014827639557566e+01
3.238208052213074950e+01
2.480798386554328872e+01
2.849741281162608786e+01
2.839647303308759518e+01
2.432628867205451684e+01
2.541412457965669347e+01
3.066626978893669175e+01
2.604227414812360664e+01
2.952886734008789205e+01
2.395675899671471498e+01
2.985742803856178540e+01
3.421877992153167725e+01
2.854439853486560708e+01
2.750178427262739689e+01
2.520159297519260022e+01
2.676286120292467885e+01
2.765858635345062666e+01
2.756563350970928639e+01
3.270627444723378119e+01
3.096342608711936251e+01
3.053137998063434821e+01
2.469978249962650096e+01
3.348899009201552701e+01
3.339304419567710625e+01
2.915751925636740438e+01
2.504502031784648963e+01
3.122311504214417610e+01
2.177730170029860446e+01
2.795154786109924316e+01
2.572548853117844203e+01
2.440772269853642840e+01
3.186130975422106459e+01
3.049910531392911750e+01
2.552523155339347483e+01
2.436019210925363154e+01
2.427056548436482686e+01
2.399099531769752502e+01
2.507264929524174590e+01
2.774172943841191241e+01
3.125857142229985897e+01
3.081072168035821690e+01
3.367637398978260421e+01
2.493288123202161799e+01
2.312046428779503060e+01
3.285697145080566628e+01
2.724075826009114465e+01
2.647675833830962233e+01
2.811498472933283921e+01
2.834805224692984638e+01
2.619924731587254740e+01
1.882265435495684258e+01
2.272879972765522538e+01
2.950280280340285444e+01
3.790458789016260965e+01
2.894964776175362786e+01
3.059564697842638026e+01
2.628330060912341537e+01
2.947969066774522773e+01
2.683026967446009436e+01
3.079945637738263287e+01
3.279757008462581780e+01
3.452553846983783359e+01
3.212419212155225523e+01
3.355944268246914675e+01
2.999160419498478092e+01
2.660096740722656250e+01
2.481284958666021012e+01
2.862310725073832174e+01
2.507476797926849343e+01
2.680912328535510625e+01
2.707542398780774207e+01
2.221070632249295329e+01
3.068374759298531984e+01
3.046809167268743934e+01
2.302189406083554601e+01
2.645061443378398991e+01
2.365056988657737236e+01
2.326905892112038288e+01
2.255643557643031372e+01
2.647787405649820869e+01
2.566003999044728801e+01
2.585742342777741243e+01
2.236786805093288422e+01
2.850668107793572403e+01
2.823781050359449551e+01
2.540354021186502465e+01
2.796222425543743739e+01
1.853820733388264941e+01
2.487510155731776962e+01
2.876857775536136330e+01
2.526151077921797494e+01
2.785300020667595433e+01
3.087979120526994947e+01
2.521034835588814005e+01
2.778677002159324871e+01
3.325542684461249365e+01
3.163490593030256903e+01
2.595043539103104990e+01
2.620016637959874828e+01
2.807694268477590427e+01
2.778570082581158829e+01
2.495002424918999040e+01
2.560841751883549833e+01
3.246422904442096780e+01
3.156458420930085396e+01
2.108653945922851491e+01
2.470418964035209441e+01
2.746054268608528304e+01
2.128746689422221294e+01
2.805364224267384188e+01
2.286237518769457822e+01
2.476153838328826140e+01
2.760733362060884133e+01
3.042055675522290059e+01
3.244493498551218380e+01
2.916262820446826254e+01
2.796595612737058545e+01
2.719400623866490108e+01
2.839184884622063265e+01
2.461541414260864258e+01
2.718330537883284848e+01
2.935002422332763672e+01
2.801595563238317155e+01
2.417231174364481916e+01
2.819027488708496065e+01
2.968149769200687871e+01
3.443669353831898405e+01
3.081910925133283641e+01
2.500770950317382812e+01
2.469121596757755555e+01
2.773503989758699007e+01
2.306436689968766984e+01
2.847985724683077891e+01
2.826441599741703214e+01
2.433429296120353413e+01
2.513183836604273580e+01
2.467924329396840832e+01
2.926212192193055728e+01
2.709309367598774188e+01
1.869471420249358218e+01
2.620688308715820369e+01
2.079673376537504481e+01
2.808099937438964844e+01
2.761964953104654796e+01
2.400127113697140757e+01
2.735890640495972193e+01
2.342535458485071231e+01
1.918694003792696279e+01
1.899742812094603650e+01
2.317644712558159625e+01
2.076739832512418005e+01
2.203195239947392281e+01
2.249344615141550818e+01
3.047495414813359460e+01
2.784200378878032822e+01
2.095436597721917238e+01
2.455921720616957771e+01
2.251971972242314735e+01
2.362421456291562194e+01
2.776417184033930852e+01
2.090175873240785620e+01
2.623713700430733908e+01
2.709801623251585667e+01
2.585957311814831172e+01
2.483665599762060339e+01
2.533128400342217645e+01
2.773290602628849655e+01
2.578278261007264760e+01
2.648691744435114614e+01
2.813468576978136682e+01
2.529099149202045638e+01
2.751492186326246880e+01
2.718597427068972294e+01
2.822774858212252269e+01
3.178492987524602853e+01
3.007634648774799402e+01
2.547532614431073483e+01
2.668731629692854668e+01
2.933328808746014005e+01
2.954057864991044013e+01
3.304008322355279859e+01
2.573237788423578820e+01
2.913976944442343964e+01
2.459213858135676034e+01
2.621022299469494499e+01
2.436969074673123004e+01
3.184694884659408132e+01
2.454271669025662561e+01
2.618491827157827601e+01
2.377697413800710535e+01
2.570838744552047217e+01
3.082528522279527294e+01
2.738823846078688007e+01
2.646985684671709649e+01
2.830712215717022318e+01
2.376737552578166301e+01
2.570788802398494255e+01
2.526249008793984530e+01
3.217417928500053392e+01
2.888132164929364265e+01
2.641376367568969741e+01
2.104927005465068390e+01
3.243147155761718636e+01
3.557703985326430285e+01
2.484516297814680286e+01
2.485946313834484656e+01
2.724441034285748486e+01
2.121354876540777212e+01
2.889840896486297339e+01
2.483997650669045498e+01
