3.390416978728183039e+01
3.145054396537885211e+01
3.059607770150167738e+01
3.152591804849504342e+01
2.968687917782927954e+01
3.125851736834835037e+01
3.300161525181361810e+01
2.886984536644954957e+01
3.084147321720987378e+01
3.481696414324193256e+01
2.769693387879265600e+01
3.402805530841533965e+01
2.902424961367979606e+01
2.947771660863505616e+01
3.779464451599120878e+01
3.230855781381780645e+01
3.153785360830801565e+01
2.930807170488976610e+01
2.888614813073888854e+01
3.166012413437302087e+01
3.029864784387441645e+01
2.795847649728098361e+01
3.072522225873223789e+01
3.857416928278935586e+01
3.395537446612960508e+01
3.229425928270494950e+01
3.784899295248636264e+01
3.298157360242760916e+01
3.610161931464012497e+01
4.060183231647197744e+01
3.460169526841905707e+01
3.655295341397508935e+01
3.514587444729275489e+01
3.920972342924638099e+01
3.790364029210641661e+01
2.390553372246878538e+01
3.159243729476529339e+01
3.344313311478728679e+01
2.611154605987224286e+01
3.175474662951824456e+01
3.326178595360288881e+01
2.925154652315027448e+01
3.265073274509072832e+01
3.325025578831019146e+01
3.112029133393214408e+01
3.463166164122905855e+01
3.252611556248358227e+01
2.924163626157320550e+01
3.036008726317307094e+01
2.999197086598138284e+01
3.030668120729061243e+01
3.178752048505723238e+01
2.567262473809914525e+01
3.078155612945556641e+01
2.944895592770835080e+01
2.813656950557933101e+01
3.303949831738884058e+01
2.758580689863725155e+01
3.214153624595479641e+01
3.399333372047479429e+01
2.960195532904731053e+01
3.089967724482218259e+01
3.363643949881367234e+01
2.912422478801072145e+01
2.797193255323044880e+01
3.627135809412542500e+01
3.693645250138325764e+01
3.117034067989380830e+01
3.004536767439408607e+01
3.390808791356371188e+01
3.479569137988447380e+01
2.758239425709044923e+01
3.592286532212788330e+01
3.387024895921885559e+01
3.186152311325073327e+01
3.060136925013719278e+01
3.306213099306280156e+01
2.864920052615078916e+01
3.564613199234008789e+01
3.461398497395131812e+01
3.287764988130736299e+01
3.134415535357013383e+01
3.636069458723068237e+01
3.340312431227992818e+01
3.545104712531680491e+01
3.373385559396351141e+01
3.337176751143095288e+01
2.564494802718771993e+01
2.962004147484189076e+01
2.004178573206851510e+01
2.754065458634320507e+01
3.184265937153090675e+01
2.843290929096501074e+01
2.925072048892494081e+01
2.634826114924267060e+01
2.886757037904527579e+01
3.765688767544058635e+01
3.626912238381125775e+01
2.961762164887927895e+01
2.955684165234835703e+01
3.541491572062174242e+01
3.384367073004973037e+01
2.596196209059821314e+01
2.748433560627262651e+01
3.308019954011640351e+01
2.940836792703000668e+01
2.882308616100902299e+01
2.924672346510645582e+01
3.266014901185646835e+01
2.057805532024752537e+01
3.179940712641155898e+01
2.506084808550382803e+01
3.185115100860595660e+01
2.720064281281970864e+01
2.884659545238201517e+01
2.784846530816493981e+01
3.374202957894038235e+01
1.856654624051826019e+01
2.204305266734189317e+01
2.392366947124956056e+01
3.090819438989611712e+01
2.391250063837791018e+01
2.532043821769848080e+01
3.216603940870703582e+01
2.898897390780241423e+01
2.685209408512821838e+01
2.796807969411214145e+01
2.977060333500063649e+01
3.049800074400015149e+01
3.152991158228654101e+01
2.416230964888796251e+01
3.015985267393050506e+01
2.992620886474096409e+01
2.734389124557434769e+01
2.510809916096764738e+01
2.899428736877441537e+01
3.281911863599504642e+01
2.711964909023708614e+01
3.177184394709971826e+01
3.654507991595146166e+01
3.599209708259219553e+01
3.284142749993375787e+01
2.967177134144062833e+01
3.872219799504135551e+01
3.163880445086766713e+01
2.860294128347326037e+01
3.169637903177513394e+01
3.198210332726919347e+01
3.718090724008256842e+01
3.486966346918150350e+01
3.439448221550613027e+01
2.424969221621143589e+01
3.131183075904846191e+01
3.120456995282854251e+01
2.877123409159043277e+01
3.062157440185546875e+01
3.112611951633375540e+01
3.105170465196881935e+01
2.942932386398315359e+01
2.882942664104959363e+01
3.724887190924750513e+01
3.999408131837844849e+01
3.198482315124027409e+01
2.655313058332963294e+01
2.846059113961678833e+01
2.723507961860070026e+01
2.874539675031389407e+01
3.321485748291015483e+01
2.932122034266375010e+01
2.956780997189608584e+01
3.125354385375976562e+01
2.559435608137899365e+01
3.284763260726090550e+01
2.966491837250558916e+01
2.820586274651920178e+01
2.765262138011843618e+01
3.291354194341921158e+01
2.421996960273155963e+01
3.382924316823482513e+01
3.224813632307381539e+01
3.123769963711613684e+01
2.923017770365664703e+01
3.020623579257872038e+01
3.114702101912157417e+01
3.012613089833548230e+01
2.838890217463175603e+01
2.841388159990310669e+01
3.011387971006793762e+01
2.990341644355595818e+01
3.294944025817530076e+01
2.821419237996195761e+01
3.250063475492958531e+01
2.926743321840454826e+01
2.799289779332809047e+01
3.679941931915283249e+01
3.280452766418456889e+01
2.901901561290294040e+01
3.013435964527244337e+01
2.935736086597181327e+01
2.788479507801144663e+01
3.087895596411920351e+01
2.695863130015711562e+01
3.366811983925955332e+01
3.544954929929791376e+01
3.239707469395229111e+01
3.612708258428493480e+01
3.516451880990005208e+01
3.063777038213369153e+01
3.503881700833638746e+01
4.307329556500469891e+01
3.096473119843680877e+01
3.668987053052514113e+01
3.221388593534143752e+01
3.534719978494847226e+01
3.639713149886947718e+01
2.765924353348581377e+01
2.974327433326027759e+01
3.099247434679903535e+01
2.711834638856994317e+01
3.160539867031958750e+01
2.907056707637325133e+01
2.858017432618283848e+01
3.202935151609114683e+01
3.319899615602630405e+01
3.131826796823618508e+01
2.901984962859711104e+01
2.862023669846203688e+01
3.174179028845452777e+01
3.062117301665984925e+01
3.188942481146918340e+01
2.714701156221926936e+01
3.162498025099436560e+01
2.729665057659149241e+01
2.820309696840436331e+01
2.886347511887107231e+01
2.673651452349801261e+01
3.257977780051853500e+01
2.796669316609700573e+01
3.371089082394006198e+01
3.186096216284710536e+01
2.799857311713986263e+01
3.315141197142562390e+01
3.657496173313685972e+01
2.938507833575258132e+01
2.936111983737430009e+01
2.970385745314300863e+01
3.284705580375045031e+01
3.318459213129147400e+01
2.993775868953618868e+01
3.088315067291259908e+01
3.381993230801184325e+01
2.611708658832614560e+01
3.228401820649825993e+01
3.158433598485486371e+01
3.064763420952690964e+01
3.287393773949664677e+01
3.051452864723643899e+01
2.902090770300803513e+01
3.450428933735135217e+01
2.617643616691468367e+01
3.157551015409312001e+01
3.114706225272936635e+01
3.043975080837860858e+01
3.246954107088316732e+01
3.393173934534976155e+01
3.082815958505653597e+01
2.987495581066335504e+01
2.538032096746016464e+01
2.623868418411469960e+01
1.972670890887578210e+01
2.450975222369424600e+01
2.620009224589277963e+01
2.769571831009604779e+01
2.994557783048446709e+01
3.554498369852701956e+01
3.138076364185254619e+01
3.137210755396370843e+01
3.433302382535712383e+01
3.036626082526312942e+01
2.669216195039970785e+01
3.249949857463007419e+01
3.261082793926370726e+01
2.605742378954617422e+01
3.471771031067150659e+01
3.271028768497964734e+01
2.668610836738763936e+01
2.374033938227472973e+01
2.598369496907943343e+01
3.053430708769326074e+01
2.045345138898355586e+01
3.019567104339599695e+01
2.560840158613901352e+01
2.843861851222078485e+01
2.675080708821614550e+01
2.521307967429937236e+01
2.820255236057419879e+01
3.365106620171641794e+01
1.996624172565548960e+01
2.150948995104908334e+01
2.383057142221010594e+01
2.477858265181233222e+01
2.249825631655179592e+01
2.261988965670267859e+01
3.052978684504826745e+01
2.882989484700725313e+01
2.570033587728227786e+01
2.642841110229492330e+01
2.469916851977084704e+01
3.015413636707124212e+01
3.268813375763545537e+01
2.317864999588596930e+01
2.706468286060151485e+01
3.056235137027976734e+01
2.737769860947858547e+01
2.325316350223918960e+01
2.916786972572063519e+01
3.052882650075865101e+01
2.901872616035993602e+01
3.052934028163100777e+01
3.425127911067509245e+01
3.227007528606213782e+01
2.992368087768554830e+01
3.060349070480446443e+01
3.486845229087619913e+01
3.662916511850258416e+01
2.948350247834857996e+01
2.825263169811617914e+01
3.097696712185135226e+01
3.516293553637850522e+01
3.506321291834985487e+01
3.518833415017743960e+01
2.672457573261666752e+01
3.001204956527304901e+01
2.905042632151458193e+01
2.794842257265184671e+01
3.153304557800293040e+01
2.878712654113769531e+01
3.030441018599498193e+01
3.309262654231145007e+01
2.869633637853415564e+01
3.533990949465904663e+01
3.734239700105455029e+01
3.047809510077199491e+01
2.587896303976735624e+01
2.907038156802837747e+01
2.500423243894415393e+01
2.615515458510697400e+01
3.361908112802812809e+01
2.734045303784883885e+01
2.888550525098233734e+01
3.031789949417114371e+01
2.386569875384133965e+01
3.130077540079752652e+01
3.229253968631520166e+01
2.441690452086096741e+01
2.641334446565604566e+01
2.925031682311511361e+01
2.146782783448226795e+01
3.273238357784241259e+01
3.064938150693292584e+01
