2.871443052326298684e+01
3.468016054858900077e+01
3.030872420260780586e+01
3.069418676065127727e+01
2.726989477819788021e+01
2.811696920104304098e+01
2.755601941322793635e+01
2.626701617894496721e+01
2.854617096405826970e+01
3.418242909549887543e+01
3.437448424763150001e+01
3.309626706930307449e+01
2.745911175052061637e+01
2.459234006257983651e+01
3.733619975280761594e+01
2.909749156778508805e+01
2.976930488303855782e+01
2.787435843612973940e+01
2.687244841340300283e+01
2.783240168803446934e+01
2.949168029198279584e+01
2.963281871426490000e+01
3.335853290557861328e+01
3.700449594274743959e+01
3.009808343758612281e+01
2.593741530341070956e+01
3.291714776434549350e+01
3.122968473296234748e+01
3.243376622301467194e+01
3.914665741553673683e+01
2.939017140706380360e+01
3.924295267646695606e+01
3.400171062681410206e+01
3.622201698476617793e+01
2.993195974717446362e+01
1.596742950592722288e+01
2.881920323197130074e+01
3.104794364112885319e+01
2.400207287707227266e+01
3.105692745431121793e+01
2.832400389596925550e+01
2.656425985635495479e+01
3.108116447749396372e+01
3.073780668451544784e+01
2.636477997669806683e+01
2.725293222407704619e+01
2.605928944147121129e+01
2.550610050054696742e+01
2.711261665410009059e+01
2.680656091222223125e+01
2.523052976375208800e+01
2.716271404106857901e+01
2.634421272277831960e+01
2.650644089339615306e+01
2.610291787820268894e+01
2.814873394685633201e+01
2.966338572090054626e+01
2.091820103038440948e+01
2.661426069381389325e+01
2.880121865032388229e+01
2.676230447557237468e+01
3.261494493484497070e+01
2.878338742530208805e+01
2.982171968016961472e+01
3.201742815464101000e+01
3.169030085149800868e+01
3.448994856024507527e+01
2.991025808034849476e+01
2.603692660245028279e+01
2.840528035953344954e+01
2.789448386471287833e+01
2.640993750329111123e+01
3.046797758317643101e+01
3.322642264606283646e+01
3.338927768707275590e+01
3.289284869843879733e+01
3.348642536726865160e+01
3.468981701086375580e+01
3.761665955456820143e+01
2.758725852527837574e+01
3.420202644125929226e+01
3.074824252818365622e+01
3.171547812223434448e+01
3.598941597020682082e+01
3.581043311527797357e+01
3.516727212484409648e+01
2.660160355220567396e+01
3.165589240798376380e+01
3.086806161063057985e+01
2.825816742746453514e+01
3.106581666609820047e+01
3.073549678183009348e+01
3.134345224717768374e+01
3.410241537334538009e+01
3.444602802546337728e+01
2.987434314621819453e+01
3.316611132510873006e+01
3.275671899968927647e+01
3.173606766594780737e+01
2.546044342472868038e+01
2.552240558200412224e+01
2.600529931792130611e+01
3.084065302213032922e+01
2.805527246056533386e+01
2.459783418669955424e+01
2.747950812156155820e+01
2.558121376306238304e+01
3.153673116622432460e+01
3.371455556103306606e+01
2.272836293456374790e+01
3.333660069722977681e+01
2.816065158342060215e+01
3.122798820495605554e+01
2.779589421408516969e+01
2.459528888188875584e+01
2.743686957726111686e+01
3.066276051542905634e+01
2.115652669862259216e+01
2.061554307757683446e+01
2.417242282654594376e+01
2.442158292687457433e+01
2.380306222876723865e+01
2.351316288061309123e+01
3.321065395634348505e+01
2.675796373339666800e+01
2.473702685038248816e+01
2.850662023226420061e+01
2.584457265652292079e+01
2.891680049417006870e+01
3.160865173890040580e+01
2.285365147339670244e+01
2.828232074552966679e+01
3.191797355844193262e+01
2.864973157573594520e+01
2.267530568225963705e+01
2.532468519592285006e+01
3.101887910444657948e+01
2.895427919175889642e+01
3.202091053704530310e+01
3.343959344961704261e+01
3.231585575285411949e+01
2.946503719063692373e+01
2.955595050214910202e+01
3.329014816669502608e+01
3.410845336712226583e+01
3.170233503977457801e+01
2.819505889460725712e+01
2.695661964724140702e+01
3.207613309848987626e+01
3.114959390773329773e+01
3.013108763147572944e+01
2.550948785275829067e+01
3.225238355723294603e+01
2.900600528717041016e+01
2.796372483758365490e+01
2.728172088804699058e+01
3.227272537776401862e+01
2.879796063559395947e+01
2.999344889322916785e+01
2.738623502980107816e+01
3.211895453488385499e+01
3.922071439027786255e+01
3.026721572875976562e+01
2.654873449152166032e+01
2.774919082500316492e+01
2.728070938892853547e+01
2.776985240292239610e+01
2.813553502009465035e+01
3.057286378611689059e+01
3.000734913565895923e+01
3.582921847262123549e+01
2.203299970769170457e+01
3.238939920362535219e+01
3.475046742589849913e+01
2.759783908432605060e+01
2.471324907347213440e+01
2.955351262934067691e+01
2.224655317159799495e+01
2.991879050433635712e+01
2.920544183665308324e+01
2.837252428086316058e+01
3.071207884738319649e+01
2.988944269195804893e+01
3.017217608497860937e+01
2.798226407625489642e+01
2.991303970972697002e+01
3.076615998148918152e+01
2.887801985446317588e+01
2.912095200694442099e+01
3.134093792878049811e+01
3.075553212847028561e+01
2.805623446669534005e+01
2.753348828010818750e+01
2.348204604475013113e+01
3.838513632202148784e+01
2.756232151455349566e+01
2.691385958216211804e+01
3.055098131602395739e+01
2.653736143242823076e+01
2.892495142027389221e+01
2.865310410530336327e+01
2.758443081763482851e+01
3.181535094124930296e+01
3.750474825772371901e+01
3.014286922999790619e+01
2.907449988357159398e+01
3.322024360517175978e+01
2.909480649071770841e+01
3.499751708904901903e+01
3.982620705498589331e+01
3.293320441695878742e+01
4.027880182519422902e+01
3.089084804348829394e+01
3.628692322588981511e+01
2.816516254184482193e+01
2.670758318273644605e+01
2.746929480812766400e+01
3.262673684300986565e+01
2.461241150870541006e+01
3.334165167039440547e+01
2.896367448454449800e+01
2.525617256849825765e+01
3.183981204650562802e+01
2.838029641511907997e+01
2.875151912533507215e+01
2.981860812298663177e+01
2.664655239728032399e+01
2.955463050247787038e+01
2.619597290657662114e+01
2.994394425286187200e+01
2.448215676832568732e+01
2.830380579447134792e+01
2.652653257846832346e+01
2.804724588287010789e+01
2.668878663073684976e+01
2.708998236696944417e+01
2.834561186251432829e+01
1.957726692199706875e+01
2.816577713444547726e+01
2.870934092480203503e+01
2.280421558240565005e+01
3.027946298490694943e+01
3.206160038539341173e+01
2.459578153402498302e+01
2.850362775132462900e+01
3.096105982045658322e+01
3.221930967321718242e+01
3.257178594677019134e+01
2.571612107843384720e+01
2.951612382186086592e+01
2.971367848961098801e+01
2.549655820555605956e+01
3.144009408048150789e+01
3.161602730586610832e+01
3.080453895286277444e+01
3.196739404097847270e+01
3.402964872601388180e+01
2.994316433953694911e+01
3.324977568131458838e+01
3.345493698120117188e+01
3.180206863862231259e+01
3.306961030226487708e+01
3.082944245101338510e+01
3.239095948458699326e+01
3.282059589185212900e+01
3.350909508088506072e+01
2.735024462401412038e+01
2.959511188584930963e+01
3.024948082507496139e+01
2.707498000065485755e+01
3.225585544810575556e+01
3.118272655766184798e+01
3.077166446230628338e+01
3.274793231650574654e+01
3.717890563964843409e+01
3.012990542499013458e+01
3.137729384682395306e+01
3.187210604201915487e+01
2.996063428808141538e+01
2.564951323575751729e+01
2.814765386996061736e+01
2.845459999435249543e+01
2.870778227752109757e+01
3.151137659730029839e+01
2.805683897889178624e+01
2.764193652396978251e+01
2.840876165166631395e+01
2.718692797880906298e+01
3.282549177151974362e+01
2.015657100580670402e+01
3.257080373128255246e+01
2.846885829501681897e+01
2.816771064006107039e+01
2.882045949300130161e+01
2.616515587651452179e+01
2.829445899212298698e+01
3.337284089162985623e+01
2.293329163484795075e+01
2.334151217217981511e+01
2.453019985785851276e+01
2.600577505011307622e+01
2.440196000001369470e+01
2.265993988513946533e+01
3.286805737018585205e+01
2.758810442057087187e+01
2.672915906565529909e+01
2.618371249928193834e+01
2.626324707396486957e+01
3.243996713729131898e+01
3.596156845345402076e+01
2.332620891315514911e+01
2.664380180722191227e+01
3.121613533728945455e+01
2.971233662225866823e+01
2.583098400591280353e+01
2.916895011375690316e+01
2.911464144178658486e+01
3.034061786740325317e+01
3.205767179418493384e+01
2.972501203897116184e+01
3.224024638125771247e+01
2.963531758235050972e+01
2.869916823642705950e+01
3.346361935466801185e+01
3.492558550097278669e+01
2.788388314498098097e+01
2.625995858715426579e+01
2.716337140235203762e+01
3.365666153780214387e+01
3.392075020059034074e+01
3.308890862898392982e+01
2.583904400277645053e+01
3.271314143290561560e+01
3.050483962236824809e+01
2.741836879292472418e+01
2.853388053046332473e+01
3.020334290838860980e+01
2.821496157102946967e+01
3.080110593942495356e+01
2.982623909180422928e+01
2.831075435214572522e+01
4.022273310025533277e+01
2.949987309978854100e+01
2.591810103385679298e+01
2.657752506549541849e+01
2.697326369204763807e+01
2.731167368508555526e+01
3.266164907332389333e+01
2.783951703096047581e+01
3.348097771567267245e+01
3.425972738265991069e+01
2.037274316000560148e+01
3.341442064921061217e+01
3.729781547995174407e+01
2.610435591916986908e+01
3.062431954748836560e+01
3.120565756813424585e+01
2.305786427174966136e+01
3.214987349322461796e+01
2.751447162889454390e+01
