3.316077845879840424e+01
2.716138612407527475e+01
3.651815411082485241e+01
3.235880971609679335e+01
2.699947748269100956e+01
2.535978921166417166e+01
2.416674216912717199e+01
2.917976347340162135e+01
3.222206310112716920e+01
3.193350707160102075e+01
3.798773256937662524e+01
3.192892143542950123e+01
2.589463925519526555e+01
2.701104428982847594e+01
3.282852213287353749e+01
2.877878713607788086e+01
2.998376319320113481e+01
2.739776202069213085e+01
2.830554298301795768e+01
2.426732980882799140e+01
2.272310187266423043e+01
2.633684828973585468e+01
2.657060731690505406e+01
4.128975172166700247e+01
3.135384700049651840e+01
2.934894583418562775e+01
3.125654442717389259e+01
2.693229799685270720e+01
3.005031222485481379e+01
4.015496790959284823e+01
3.417835142347547617e+01
3.590716894173327489e+01
3.449800703260633838e+01
3.812149871479380892e+01
3.492786358474591424e+01
3.006465399265289307e+01
2.646905743264402844e+01
2.949198938691566951e+01
2.743087147651834812e+01
2.970480961649941776e+01
2.687436567807028354e+01
2.456015928118836555e+01
3.158339930755164104e+01
2.896883291608831712e+01
2.880008340798891453e+01
2.720136445822175020e+01
2.387339131316246466e+01
2.568917936178354111e+01
2.559938080557461504e+01
2.886149663145437216e+01
2.789176769209026929e+01
2.960830446236640157e+01
3.091097934285148341e+01
2.577385022423484173e+01
2.699601464678150720e+01
2.857304240956025865e+01
2.795689827718852527e+01
2.264022192521528609e+01
2.353610274132261893e+01
2.671022769186994239e+01
3.061333558824327383e+01
2.820634520848592075e+01
2.875653796360410652e+01
3.029683916496508189e+01
3.151028338899003600e+01
3.272088486293576892e+01
3.329640710533563919e+01
2.876003313458655342e+01
2.533148502696644044e+01
3.113330170334569758e+01
2.986517929544254102e+01
2.787276918747845755e+01
3.467036046870487809e+01
3.595960718607730655e+01
3.243431629180908260e+01
2.415506098755692932e+01
2.777487319166010238e+01
3.327456266229803106e+01
3.390475127913735065e+01
4.061164097402287609e+01
3.103477128038128541e+01
3.245075598902672454e+01
3.583188034594058990e+01
3.298615480700568980e+01
3.436716862330361266e+01
3.241800406095240561e+01
3.239368546088009992e+01
2.885773258639457595e+01
2.980192478724888261e+01
2.802244690342953248e+01
2.880468044281006001e+01
3.026244293930184170e+01
2.835240366109987420e+01
2.216520605968828050e+01
2.768269249887177352e+01
2.875024031003316338e+01
2.987459599694540202e+01
3.127535320628772908e+01
3.093952922215537527e+01
2.704172820864983251e+01
2.804818301730685803e+01
2.841117217692923091e+01
2.667998205290900415e+01
2.878420681837128470e+01
2.315753948415508745e+01
2.564999827983216463e+01
2.434871370020047010e+01
3.340162126919091889e+01
3.142038500207102203e+01
2.140151446352722786e+01
3.176476411970834945e+01
2.377924786115947597e+01
3.028220798492431598e+01
2.953198610033307858e+01
2.571337643036475384e+01
2.962216025132399366e+01
2.944910783983742775e+01
2.039903529854707998e+01
2.383223221736884057e+01
2.438903914193738842e+01
3.449011360389599190e+01
2.370781086123719561e+01
2.575464278773257476e+01
3.466267183350353775e+01
2.818442708167476951e+01
2.755933618545532227e+01
2.688249578475952006e+01
2.743752501262881793e+01
2.914991302106847826e+01
3.144363289612990187e+01
2.379578520122327134e+01
2.901155236459547382e+01
2.631383512000076053e+01
2.717375522357201945e+01
2.347477430910677398e+01
2.578650576782226622e+01
2.762159526741111648e+01
2.819055125766330150e+01
3.214796317084718424e+01
3.144714384812575148e+01
3.173543691635131836e+01
3.036453100692394003e+01
2.546747402269012994e+01
3.313652972019080067e+01
3.096573469373915088e+01
2.893854482085616553e+01
2.617333629296260966e+01
2.903261666656822371e+01
3.272588358506238393e+01
3.025704670839531474e+01
2.936732144590283866e+01
2.405636213263686685e+01
3.199331452629783001e+01
2.700610518455505371e+01
2.778480658811681536e+01
2.468504846663702068e+01
2.657214871231390418e+01
2.592679833003452927e+01
2.330302972793579031e+01
2.444155066946278509e+01
3.303675338957044971e+01
3.694990837574005127e+01
2.879576624007452068e+01
3.058595209988680708e+01
3.191609280197708642e+01
2.430956786718124008e+01
2.667682324446640862e+01
2.859502416757436905e+01
3.306705429243005057e+01
3.223525565754283662e+01
3.139114396147025587e+01
2.330796247453831782e+01
3.255593792422786947e+01
3.691683990076968769e+01
2.960581268983728620e+01
2.635518519083658973e+01
2.661042905321308183e+01
2.182375190441425161e+01
2.594366912543773651e+01
2.792061197346654566e+01
3.223001667202048992e+01
3.319766313151309589e+01
2.715547682599323664e+01
2.969812254818425856e+01
2.570822833388270823e+01
2.589073169072469227e+01
2.480884021520614624e+01
2.964556089566077546e+01
3.245221751296969614e+01
3.380429419192521578e+01
3.496485452337579147e+01
3.052033868237076675e+01
2.600337330824663695e+01
2.685601087462850600e+01
3.625637328338623178e+01
2.584824968973795478e+01
2.980955855910842445e+01
2.921687439101898676e+01
2.906401762243819675e+01
2.650674039264058024e+01
2.190163446241809453e+01
2.556490276705834219e+01
3.205361311776297129e+01
3.863778755881569538e+01
3.193868372235979436e+01
2.917087288063113348e+01
2.791488212492407683e+01
2.979795815493609368e+01
2.924432261784871301e+01
3.887299800448947451e+01
3.633671615708549041e+01
3.603102895010889029e+01
3.261681007757419337e+01
3.585844924602102424e+01
2.907351346058888453e+01
3.137909066049676099e+01
2.663596102974631563e+01
2.703313209221708746e+01
2.512399707348818723e+01
2.988466581221549845e+01
2.504876886355649290e+01
2.685420678190128640e+01
3.146984901823527991e+01
3.079912444849333752e+01
2.368685306821550540e+01
2.673999573348404368e+01
2.448971929355543509e+01
2.760224435236546725e+01
2.352637083036405485e+01
3.068890179528130346e+01
2.577974188851447579e+01
2.835123587265992740e+01
2.907319949269294668e+01
2.786223805352543081e+01
2.711720401381028012e+01
2.655288313189123528e+01
2.704720588352369148e+01
2.247329933166503935e+01
3.054440577525013012e+01
3.189207176540208977e+01
3.090039985935862532e+01
3.190473775165837012e+01
3.050025486537388275e+01
3.053160450246074475e+01
3.204072916185533870e+01
3.000833129882812500e+01
3.179167610205314176e+01
3.128187899409976325e+01
2.913255669658345326e+01
3.018343118366442113e+01
2.990371041159027854e+01
2.741533407114319942e+01
3.068495383870945048e+01
3.192155859059300838e+01
3.245123305144133496e+01
1.942173204836637979e+01
3.025962445379673582e+01
3.106674790473038783e+01
2.963031479074985342e+01
3.851126498267764475e+01
3.043874783623487446e+01
3.128387627234825885e+01
3.338153634677275505e+01
3.401150945969569506e+01
3.468686900891755442e+01
3.307963323784640863e+01
2.910840833824099505e+01
2.925873941304732284e+01
2.783994244857573008e+01
2.689850989977518836e+01
2.868001641167534643e+01
3.055432875563458595e+01
2.884955773570320758e+01
1.910435164138062447e+01
3.370953292846679972e+01
3.065769659171765582e+01
3.353657539444740365e+01
3.160750990135725047e+01
2.952473350807472485e+01
2.490224829385446981e+01
2.952601465971573447e+01
3.048556391398112098e+01
2.775645014924823073e+01
3.277672771646194860e+01
2.841279113810995227e+01
2.402859690023023020e+01
2.112995305791631395e+01
3.304062202649238600e+01
2.934663993621541067e+01
1.962715035646699846e+01
2.948064799626668275e+01
2.054247035677470734e+01
2.982704965833207211e+01
3.124022944132487112e+01
2.744452307945073954e+01
2.598346805078378097e+01
2.579991570444441251e+01
1.951956642505734507e+01
2.324836028962445766e+01
2.614868143888620367e+01
3.030644469870660629e+01
2.373474582647665798e+01
2.419182719786961755e+01
3.020038328568140784e+01
2.964341167469120464e+01
2.651691743305751103e+01
2.571945578631232721e+01
2.554402600957992320e+01
2.879041206723167790e+01
3.127998043843452436e+01
2.274099798065623546e+01
2.774176980881463805e+01
2.800761419481935732e+01
2.948253135270969949e+01
2.453281068649535612e+01
2.804159794511466330e+01
2.846407289741453184e+01
2.621855294427206218e+01
2.881711745342421693e+01
2.853344859943523204e+01
3.199568479437576940e+01
2.870221199622520913e+01
2.559459268657210629e+01
3.127538060704502598e+01
2.866455885307076201e+01
2.684835845545718414e+01
2.499287819400910493e+01
2.926103552078765091e+01
3.210817487275271276e+01
3.373183493778623188e+01
3.091212404059451302e+01
2.580107989209763630e+01
2.967817814582216940e+01
2.591608768398478801e+01
2.778446094325331472e+01
2.611761589050292898e+01
3.111469949994768314e+01
2.743562548673605761e+01
2.633847981966458818e+01
2.387214299856898236e+01
2.956364459755980079e+01
3.556931172476874536e+01
2.776261174294256406e+01
2.676002610114312930e+01
3.239154834013719153e+01
1.776084958496740285e+01
2.441121771876797197e+01
3.202820261063114060e+01
3.584981866983267196e+01
3.166647063074885082e+01
2.982590391159057575e+01
2.050490707064431817e+01
3.082252850850423087e+01
3.458134700550752427e+01
2.500426464794791315e+01
2.750126532566400073e+01
2.988305895445776628e+01
1.991211312211404660e+01
3.166855709947000364e+01
2.788274064782547512e+01
