2.947917205819727826e+01
2.934676841840352068e+01
3.267473222498308161e+01
3.124039648422709448e+01
3.018106724317420486e+01
3.005690685599794776e+01
3.117528362663424701e+01
3.334847694187823919e+01
3.281743538088915102e+01
3.605529437345617083e+01
3.202071870697869116e+01
3.510912148402287158e+01
2.782948660692631648e+01
3.361198217382928277e+01
3.877636228179931521e+01
2.882260847091674805e+01
3.333622627258300497e+01
3.042440366429208964e+01
3.002666857335474759e+01
2.922297823106920234e+01
2.992175366328312691e+01
3.019594266337733046e+01
2.953721769924821672e+01
3.849665564995307676e+01
3.391625293193419566e+01
3.663137041040369013e+01
3.661996234335550326e+01
3.393541305652563267e+01
3.937516614224048084e+01
4.462836811359112232e+01
3.718110295613606553e+01
4.251427440878785546e+01
4.020081827375624073e+01
4.467834021828391400e+01
3.636373514647877414e+01
2.781060002531324216e+01
3.187683884385992883e+01
3.637916783933286524e+01
2.919441004002347739e+01
3.390835976707560917e+01
3.491009855608567847e+01
3.104257549959070417e+01
3.730519814326845562e+01
2.926520855507154195e+01
3.435361456871032715e+01
3.168002958396046509e+01
3.062515680413497066e+01
3.226390476226806925e+01
3.114153546300427777e+01
3.506438333283430353e+01
2.837766521292137156e+01
3.347070476983897436e+01
2.962975389449322705e+01
2.911709062155190963e+01
2.651750130986058451e+01
3.339659450755399916e+01
3.869416502964349291e+01
3.070755906538529700e+01
3.629615485414545617e+01
3.813270308130936570e+01
2.978482666015624858e+01
3.320870075225830220e+01
3.799979804028039609e+01
3.063605799819483977e+01
2.851723859665241534e+01
4.019368938230118715e+01
3.695488008662084667e+01
3.490867837795541107e+01
3.363622002341530504e+01
3.286217046573462142e+01
3.579769521181275138e+01
3.067878163406272307e+01
4.075299035157674865e+01
3.743019537616977033e+01
3.510691387176513700e+01
3.413252447347725393e+01
3.552045375650579473e+01
3.456195615342826244e+01
3.991152531450445196e+01
3.265275896006617273e+01
3.697351811233075836e+01
3.852661159203487529e+01
4.243274819850921631e+01
4.154247917927487066e+01
3.793725970434763894e+01
3.886021980542815157e+01
3.499737105464303966e+01
2.400206508851589149e+01
3.349996072678339232e+01
1.972148171475059186e+01
3.470621126960305958e+01
3.529675472292125704e+01
2.141738473087912809e+01
2.946664042432768937e+01
2.957154391510318092e+01
3.380818281703525230e+01
3.713338554737179464e+01
3.421002186861905159e+01
3.134688908713204469e+01
3.193250768589523503e+01
2.980761293481897312e+01
2.907247451349353184e+01
2.776379786597357935e+01
2.423558588725764551e+01
3.178946873613896429e+01
3.027837305483610564e+01
3.027143207066495734e+01
3.157254910798666003e+01
3.574046306121043415e+01
2.040530453958819024e+01
3.625018365042550528e+01
2.706986715919093101e+01
3.164659515380859389e+01
2.546727589198521358e+01
2.505255442399245069e+01
3.529598277165339226e+01
3.820477493063917507e+01
1.515823718004448395e+01
2.037045609576147243e+01
2.549655523832263881e+01
2.833761687900708992e+01
2.067633394513811496e+01
2.743524976362261825e+01
3.244413221173169859e+01
3.160224563488061733e+01
2.428201884693569568e+01
2.910226551691691199e+01
2.752296087993838825e+01
3.461210379289023109e+01
3.194791854344881443e+01
2.488837836689926064e+01
3.171115672203802305e+01
3.264966220214587622e+01
2.237780417095531149e+01
2.321996224893106131e+01
2.826439767456054852e+01
3.142722853985461384e+01
3.099033263312445641e+01
3.550251278956292111e+01
3.106585631003746784e+01
3.422438283193679354e+01
3.359476991402086554e+01
2.911655210637722035e+01
3.462351987819479149e+01
3.327211205416886486e+01
3.210940327467741895e+01
3.234347099927985880e+01
3.338541435426281367e+01
3.709856129254713863e+01
3.582367908122927957e+01
3.277196594613497638e+01
3.031273795147331285e+01
3.171381042220375690e+01
2.999425104686192256e+01
3.035193628423354184e+01
2.996193586077009030e+01
3.170685044113470497e+01
2.902730977194649853e+01
2.847154776255289832e+01
2.979606275973112517e+01
3.270088275273641187e+01
4.334382903575897217e+01
3.018883478073846760e+01
2.492344301397150375e+01
2.879591306050618371e+01
1.946641648121369172e+01
2.985198499010754958e+01
3.235070651127741570e+01
3.283619905554729712e+01
3.558768154491077951e+01
3.551153792152108934e+01
2.111334249154845111e+01
3.721342044872241672e+01
2.787516475978650377e+01
3.152728494008382043e+01
2.381628744731577640e+01
3.261426534839704772e+01
2.312267193427452838e+01
3.686273311078548431e+01
3.354771025427456266e+01
2.964341368669172994e+01
3.457598761508339180e+01
2.891206404833289767e+01
3.087737633424273298e+01
2.930143819143861350e+01
3.184899695714314660e+01
2.841425666213035583e+01
3.283105663487940973e+01
3.222761681520746180e+01
3.232935976848921911e+01
3.835912335573971887e+01
3.570715676067031552e+01
3.143076181736122265e+01
3.270597142471379470e+01
4.246136824035644253e+01
3.181673287285698848e+01
3.258993325791917073e+01
2.967363458050938974e+01
3.029947158081890635e+01
3.147403388799623158e+01
2.696381882698305077e+01
2.783444853751890236e+01
3.455392764863513833e+01
3.985030573064630488e+01
3.483295030866350572e+01
3.626890403683446351e+01
3.394427884497293491e+01
3.581139297743101224e+01
3.891772919893264771e+01
4.013272592050057597e+01
4.028580289516808932e+01
3.984706328400468323e+01
3.876537243912859765e+01
4.092816397484312319e+01
3.589222143362234618e+01
2.677844467288569419e+01
3.001554670333862163e+01
3.315373163329624617e+01
2.958779622576563639e+01
3.486147230671298303e+01
3.066415066324221783e+01
3.096630267754286336e+01
3.819364524011167106e+01
3.695522967251864088e+01
3.176907632788833169e+01
3.513539851795543001e+01
3.309679328178872737e+01
3.497000641017765332e+01
2.909295910328358303e+01
3.755949946509467452e+01
2.813115169219576472e+01
3.288156410364004500e+01
2.832775399684906148e+01
3.157414727800347976e+01
3.070583337124395484e+01
3.033272327520908362e+01
3.690570118116296072e+01
2.806274246215820156e+01
3.308436296570975799e+01
3.428312981646993762e+01
2.901862488723382683e+01
3.036292389350208865e+01
3.597914400373186083e+01
3.128388893958365458e+01
3.321229810972471341e+01
3.433012843522869417e+01
3.684049869850638004e+01
3.599101630813407127e+01
3.215604145365550437e+01
3.460879151193719139e+01
3.644177362756821736e+01
3.164125431190102944e+01
3.793363714806827147e+01
3.846686593417463484e+01
3.557851852134422188e+01
3.073121624822201881e+01
3.417161983183060414e+01
3.517532408101477159e+01
3.479270935058593750e+01
3.064580532861134188e+01
3.645143300967109212e+01
3.741792143308199314e+01
3.904263228737846703e+01
3.534557288370015016e+01
3.543843996148360276e+01
3.678547322989467716e+01
3.062401904040620693e+01
2.615323394658614120e+01
3.387572699533382092e+01
1.934252782662709436e+01
3.547260628494561985e+01
3.486251617059475194e+01
1.962485343751243505e+01
2.747033371337472474e+01
3.423244890848795308e+01
3.461051378840893733e+01
3.566790235885466132e+01
3.786488439870435485e+01
3.325216636657714986e+01
3.216480420134788432e+01
3.427882683795431262e+01
3.000418474482393805e+01
2.698713666088176311e+01
2.961541161416959511e+01
3.258488722469495968e+01
2.948521309120710399e+01
2.948410965515686755e+01
3.461326034252460460e+01
3.594861743606139726e+01
2.056808654668972736e+01
3.260455792744954095e+01
2.712655639648437500e+01
3.261034721052143226e+01
3.229323646545410043e+01
2.882583542757256012e+01
3.515880239812821628e+01
3.686969121125830640e+01
1.667693424779315237e+01
2.580274119179629722e+01
2.415224444866180420e+01
3.119202787356269013e+01
2.003590456339029302e+01
2.536926837762196740e+01
3.608086131016413134e+01
3.359041374053188633e+01
2.472231583935873900e+01
2.466161631415872080e+01
2.725543527400240151e+01
3.092771402086530586e+01
3.341420179960743297e+01
2.459955365121649606e+01
3.062113260541643456e+01
3.115869719581266395e+01
2.564650870565872509e+01
2.263942170828676126e+01
2.767714663538439623e+01
3.026273703772174528e+01
3.208586142783941142e+01
3.400586874476988442e+01
3.270891182906144223e+01
3.327664638318513823e+01
3.229945647899921113e+01
2.636258933123420434e+01
3.950235895279350729e+01
3.380576571238409400e+01
2.759321072227076499e+01
3.219590758046795997e+01
3.350765859240340205e+01
3.750258828424344415e+01
3.515374302547869689e+01
3.257490465629614107e+01
2.931223759752638713e+01
3.305034774172622747e+01
2.681805536302469406e+01
2.649843012700315370e+01
2.720041783650716027e+01
3.237283062625240859e+01
3.188238363628146033e+01
3.096732271634615330e+01
2.819835251497935147e+01
2.863911652270658692e+01
3.995152963532341772e+01
2.854465956841745822e+01
2.416400691770738263e+01
3.229097131582406632e+01
1.755577142359846832e+01
2.823164656703457354e+01
3.365638882114041053e+01
3.178449473014244830e+01
3.469627085247554987e+01
3.420110023498535412e+01
1.910139231076316335e+01
3.667664710998535327e+01
3.551637434117934333e+01
2.967533268648035261e+01
2.839756004898636377e+01
3.227471597077416732e+01
2.416752058314526153e+01
3.532656486391082495e+01
3.219226450462863909e+01
