2.440601048658901107e+01
2.085861162943382752e+01
2.396373941187273005e+01
2.310926274221047549e+01
2.214988136857482814e+01
2.362294534170726834e+01
2.433374346519003240e+01
2.244794298042415548e+01
2.394762760587685690e+01
2.546690281388027088e+01
2.688866588804457081e+01
2.554013965313251333e+01
2.020364139885302279e+01
1.830905908882900590e+01
2.665964685058593631e+01
2.611487965150313073e+01
2.595218111673990791e+01
2.115486011126183641e+01
1.956641633169991579e+01
1.957256930583232091e+01
2.081441318071805568e+01
2.051092575442406485e+01
2.066755498688796422e+01
2.875200823994426003e+01
2.297783983850771605e+01
2.507681586806838681e+01
2.686029902900137500e+01
2.424791160528210554e+01
2.307561511181770442e+01
2.833142151465782632e+01
2.340413620842827669e+01
2.683250954710407044e+01
2.611915355258517835e+01
2.730190894820473346e+01
2.306367058710220874e+01
2.209871749367032834e+01
2.064604343294473310e+01
2.131930270018401075e+01
2.129333378406281341e+01
2.286964369034018674e+01
1.917960843295915652e+01
2.038209943210377517e+01
2.502208912666208107e+01
2.297344128469402946e+01
2.205571301166827780e+01
2.188946910740174090e+01
2.093594506470083516e+01
2.456164955726036681e+01
2.230249166488647461e+01
2.716072636730266154e+01
2.185183828073249401e+01
2.267006091539868251e+01
2.214398470393946994e+01
2.113854679503998213e+01
2.322299663040989159e+01
2.057946187187643616e+01
2.233304195639527734e+01
1.761317717812277905e+01
2.024551854235060588e+01
2.178181716177961036e+01
2.350196090274386762e+01
2.473194359143575127e+01
2.404886189822492781e+01
2.510457549432311453e+01
2.606249417649938849e+01
2.652066784984660686e+01
2.423259769612221248e+01
2.441532317863023138e+01
2.278669896212491253e+01
2.410848345977581175e+01
2.305977842110354814e+01
2.204927813461403474e+01
2.717545153844217509e+01
2.763632564407458503e+01
2.554054067611694379e+01
2.393223882354466170e+01
2.446004163135181741e+01
2.530342699476510049e+01
2.558891487121582031e+01
2.658645866657125367e+01
2.246421104727439655e+01
2.362454065286888394e+01
2.547605255246162415e+01
2.787180625664796096e+01
2.783170480576772476e+01
2.660817176304506404e+01
2.416623821637488234e+01
2.198478902372202626e+01
2.373270158313569667e+01
1.929364138151469987e+01
2.398785931082332823e+01
2.533038067613911437e+01
2.234316999447054997e+01
2.358355805853835818e+01
2.624994129604763415e+01
2.313727664947509766e+01
2.787892044422238413e+01
2.573486352400346178e+01
2.428209999629429561e+01
2.437908421822314153e+01
2.587378003155743755e+01
2.468440038261683966e+01
1.940377230114406970e+01
2.312887531373559113e+01
2.662558466787556810e+01
2.245940899700852000e+01
2.188790469102456626e+01
2.482073330329859928e+01
2.629433687324197777e+01
1.602497096215525119e+01
2.352833104512048124e+01
1.887966582649632485e+01
2.649257526397705220e+01
2.289976056416829309e+01
2.355742791982797613e+01
2.063113133357121498e+01
1.916746314520974792e+01
1.658435354676357676e+01
1.846264763598172109e+01
1.978754345234883161e+01
2.181132577813189855e+01
1.767383232116699077e+01
2.115372979013543286e+01
2.388376997738349772e+01
2.341276412079299618e+01
2.045368441828975037e+01
2.264898772239684988e+01
2.124859053914140006e+01
1.972739470783789528e+01
1.925545592491443259e+01
1.784627412723012085e+01
2.372638633174280898e+01
2.418192259203486216e+01
2.159214547500308967e+01
1.810230723587242352e+01
2.145068495178222534e+01
2.326160336588765176e+01
2.241985022650824533e+01
2.473288973392044099e+01
2.166849335646017849e+01
2.178350898197718877e+01
2.333490757609522603e+01
2.233850751604352780e+01
2.075340460285995903e+01
2.382056024339463818e+01
2.164492683057431677e+01
2.274312572359288964e+01
2.416133739102271250e+01
2.338521334605038859e+01
2.311458989076836090e+01
2.248899564274021756e+01
2.437628154365383892e+01
2.461341374570673324e+01
2.918429429190499391e+01
2.161961454503676450e+01
1.765827231180100299e+01
2.036803446983804378e+01
2.235501793452671748e+01
1.890348320007324290e+01
2.368155678458835922e+01
2.202092834755226392e+01
2.688253155350685120e+01
2.512771194700210842e+01
2.250478311018510169e+01
2.250850024046721387e+01
1.927799559862185674e+01
1.975202398176316976e+01
2.396320551358736495e+01
2.535957188537155460e+01
2.143332089510830940e+01
2.269908501381097921e+01
1.796541034641550638e+01
2.498962867652976882e+01
2.359854540071989248e+01
2.322342804366467206e+01
1.928566595565440878e+01
2.478718041438682462e+01
1.715484869296734161e+01
2.214618031680583954e+01
2.220442291785930777e+01
2.381706727475041419e+01
2.276188672216315112e+01
2.062359211309169282e+01
2.344668506108187245e+01
2.247676150736959855e+01
2.288110772450765040e+01
2.512300336360931396e+01
2.221183475447289624e+01
2.570767787885409206e+01
2.278605823410289943e+01
2.621968422355232775e+01
2.468653315250004709e+01
2.045314313927475425e+01
1.933633286199528456e+01
2.706802059173584141e+01
2.453414929707845005e+01
2.167735972705188274e+01
2.168062038764268351e+01
2.100767854141862401e+01
2.240202140808105469e+01
2.226093052279564688e+01
2.004027886544504611e+01
2.280511996859596024e+01
2.715969027894916010e+01
2.221352854047502845e+01
2.389572830360476630e+01
2.730061506643527736e+01
1.959287823857487965e+01
2.518706023693084717e+01
3.153235150089970418e+01
2.425807362682414592e+01
2.913396090954805828e+01
2.815942736369807520e+01
2.953483167607733506e+01
2.650227503733592016e+01
1.959189833465375230e+01
2.449243792620572080e+01
2.410512731332318026e+01
2.241288345840376550e+01
2.637939458508645174e+01
2.418418582989152199e+01
2.075551240886756688e+01
2.319644818775394413e+01
2.423476164420825896e+01
2.129985192357277413e+01
2.187609875666630899e+01
2.199776739003706894e+01
2.307003953859403467e+01
2.114286976032428811e+01
2.108780457178751533e+01
2.181071774534476759e+01
2.256243065687326421e+01
2.233179750442504741e+01
2.321522935588708236e+01
2.233654348380503762e+01
2.260274929470486072e+01
2.438266412071559586e+01
1.651935174306233733e+01
2.216122234992261042e+01
2.430035421122675388e+01
2.217369695989097167e+01
2.432623383281676865e+01
2.513013232094900928e+01
2.383205797176550078e+01
2.324940258747822597e+01
2.427625537309490156e+01
2.543374022884645314e+01
2.293237076444107103e+01
2.388364133261200095e+01
2.068250161221152794e+01
2.157808357535056842e+01
2.316111807095802533e+01
2.500779415648660375e+01
2.470616245927481813e+01
2.290189227351435974e+01
2.246467680723770854e+01
2.454819620066675512e+01
2.503464619016466131e+01
2.755922979040990839e+01
2.815916878836495485e+01
2.498945259151602016e+01
2.340661780039469519e+01
2.519983348530300304e+01
2.379354648040645870e+01
2.669893198515239519e+01
2.538031912807479884e+01
2.163238848620698818e+01
2.232210110644905043e+01
2.447718523589658091e+01
1.728212891022364417e+01
2.296876196767769684e+01
2.439180213649098405e+01
2.294878344373269385e+01
2.445599761727737942e+01
2.506043823242187329e+01
2.270109942951033588e+01
2.631578214240796498e+01
2.392633409278337453e+01
2.429714061595775476e+01
2.189425314082655660e+01
2.470518211696458977e+01
2.207599240884013625e+01
1.940375446823408012e+01
2.288700913180824159e+01
2.195240114046179869e+01
2.191582131940264944e+01
2.229744430060859273e+01
2.455903168213673027e+01
2.473299197615864031e+01
1.611760475913885315e+01
2.658105761210123674e+01
1.921113686334519244e+01
2.452052205045458422e+01
2.188423736572265454e+01
2.078679661418116353e+01
2.224549297471120468e+01
2.273616249927613353e+01
1.928552135201387685e+01
1.834947480534660613e+01
1.810224457887502680e+01
2.189424900542524455e+01
1.886570577132396309e+01
2.114015861352284631e+01
2.455424104134241858e+01
2.371944573177164983e+01
1.986393340996333379e+01
2.107195894577924022e+01
2.167888801655870878e+01
2.203559440431140715e+01
2.490296639196130712e+01
1.820662837963925540e+01
2.185671855381556838e+01
2.264291103329278698e+01
2.255923433884924734e+01
2.019202052594754804e+01
2.052960261640877704e+01
2.216835803827963502e+01
2.140648440427558441e+01
2.395819848314278744e+01
2.202864042695585667e+01
2.027451201991031127e+01
1.946902225934542230e+01
1.988488607468947933e+01
2.387170781126809871e+01
2.529005102767157709e+01
2.119111737703022058e+01
2.242880304398075353e+01
2.082798832826141222e+01
2.335341897790345911e+01
2.481191395827882928e+01
2.183582523108669449e+01
1.882618701204340539e+01
2.443622086111423286e+01
2.506621270260568224e+01
2.032662554256251752e+01
2.197713275485568474e+01
2.273580328210607604e+01
1.999884050103682398e+01
2.169842394315279321e+01
2.020931403608207333e+01
2.676576006854022083e+01
2.862675576739841077e+01
2.503170654850621446e+01
2.127372304854854335e+01
2.305318021774291992e+01
2.234918054483704708e+01
2.069585864529287988e+01
2.355937923923615429e+01
2.503907137650709913e+01
2.538922575357797840e+01
2.416691026687622212e+01
1.984586923841446193e+01
2.524022552490234261e+01
2.533850508297190984e+01
2.200628398956461851e+01
2.023372680758252429e+01
2.127598410747090441e+01
1.823412068434587496e+01
2.221762344780869469e+01
2.167398248959894147e+01
