3.023387717971159105e+01
3.281289547436858101e+01
2.900411393349630629e+01
3.130457459975136203e+01
2.657963976025227737e+01
2.889207184281705665e+01
3.383462898098692762e+01
2.623426118880261626e+01
2.710503252790364570e+01
3.060696831248164784e+01
3.447155925962660206e+01
2.969680338639479444e+01
2.620576696206402190e+01
3.479535241149613256e+01
3.498560765838622899e+01
2.985517259077592200e+01
3.235354886938024777e+01
2.641683164179719867e+01
3.086776280093502578e+01
2.555302460129196618e+01
2.698139410752516554e+01
2.975781862197383631e+01
2.967627091243349113e+01
3.845356051952808230e+01
3.311943291740183781e+01
2.001174016127715305e+01
2.804681359267816276e+01
2.794004132091135162e+01
3.148435006243117229e+01
3.706008112980769198e+01
3.818630611843533273e+01
3.717174082626531373e+01
3.725745826297335839e+01
4.079944523898038256e+01
3.439859316764621866e+01
2.678458777495793086e+01
2.365917588278885120e+01
2.838822609701274402e+01
2.479216014324350681e+01
2.846933513692676243e+01
2.874635865502323639e+01
2.830080574634028423e+01
2.413696792677705361e+01
2.933212020959746980e+01
2.606207756812755960e+01
2.775249174452319423e+01
2.684420244317305659e+01
3.055186518155611353e+01
2.482870559034676461e+01
3.449451746430786869e+01
2.627406924502213315e+01
2.759775270236078626e+01
2.814856919460609319e+01
2.629833031319952497e+01
2.826101856823115455e+01
2.585189556795008059e+01
2.672053687955126478e+01
1.962082252502441548e+01
2.430289279653671031e+01
2.772615103412875115e+01
2.954077826605902857e+01
2.943309884071350169e+01
2.070205942995246673e+01
2.873029575925884771e+01
2.970610949333677908e+01
3.776751018020341633e+01
3.083750903067277349e+01
2.944209422749921146e+01
2.201714945446361327e+01
2.399709017466235750e+01
2.767848304177628194e+01
2.333129143559075658e+01
3.036816350588074798e+01
3.403460814112381883e+01
2.891022054672241381e+01
2.989519021363384965e+01
3.121037597006017350e+01
2.931101536553753206e+01
2.644089436531066895e+01
3.679073447742681680e+01
2.996284064505864109e+01
3.006001912722797442e+01
3.326338653266429901e+01
3.282315444946289062e+01
3.428810635824051900e+01
3.160814177409540093e+01
2.587575871423380391e+01
2.680637158845600254e+01
3.167831604367210829e+01
2.524620084260639530e+01
3.267945485956528273e+01
3.603994643382537078e+01
2.706688969745868434e+01
2.732517244034454507e+01
3.538754359158602369e+01
2.984683531655205613e+01
2.963821220397949219e+01
3.401905704845081857e+01
2.972589003850543321e+01
2.756375587211464762e+01
3.579082000167281308e+01
3.120425049802090101e+01
2.349880931112501514e+01
3.050853674353622935e+01
2.846407446242470840e+01
2.405770053034243361e+01
2.519657465437768096e+01
3.101177335115072253e+01
2.998244936038286212e+01
1.916982557440316981e+01
3.072597132788764185e+01
2.376795015837016933e+01
2.417325464248657241e+01
3.002301661173502723e+01
2.820932250756483839e+01
2.606691822149814541e+01
2.823659299955398794e+01
2.061701280017231852e+01
2.234521775875451510e+01
2.393551447463137904e+01
3.070119821852532027e+01
2.265522942056461275e+01
2.285797530726382476e+01
3.419761396035915624e+01
2.928044389641803136e+01
2.601093950095000196e+01
2.600340881347656108e+01
2.789555651967118521e+01
2.970938890543415312e+01
3.139041101932525635e+01
2.193163822940662300e+01
2.934698275596864647e+01
3.109917738457687619e+01
2.826683731606826555e+01
2.576392785922901041e+01
3.093334658813476423e+01
3.181722050970727267e+01
3.136306393941243442e+01
2.538116440325152112e+01
3.334273376220311746e+01
3.413093062809535638e+01
3.106486017389815046e+01
2.670170616617008008e+01
3.591971602584376200e+01
3.954102589844396221e+01
3.459314227987218970e+01
3.080600722930716273e+01
2.870026699189216757e+01
3.115011217833033541e+01
3.423040932943654724e+01
3.233489064701267779e+01
2.363431058611188718e+01
3.083283671465786924e+01
2.877891765322004147e+01
2.673510817920460525e+01
2.648973705655052413e+01
3.322214319268051241e+01
2.644056284768240772e+01
2.771377693812052456e+01
2.782148419255795702e+01
3.054735860118159607e+01
3.301462882757186890e+01
3.040787218487452037e+01
2.722486821954900549e+01
3.426542003066451514e+01
2.252922926193628683e+01
2.549244754345385999e+01
3.030979071397047875e+01
2.869293874934099620e+01
2.760429971868341781e+01
3.168746821085612098e+01
2.323229732798106539e+01
2.933416884286063109e+01
3.565828850394800753e+01
2.747678451912075914e+01
2.810522911899773746e+01
3.364372995787975640e+01
1.962195620903602133e+01
3.062221616506576538e+01
2.528964549097521441e+01
3.060204986756456691e+01
3.511682708639847306e+01
2.812499314595044098e+01
3.036154969163028383e+01
2.667488574157187031e+01
2.758348497390747056e+01
2.658974894881248474e+01
2.710643034334535884e+01
2.631307419412225812e+01
3.553886392263061111e+01
3.079361205048613570e+01
3.287032653238171775e+01
2.527983559069990349e+01
3.438994972427170183e+01
3.182246598052978470e+01
3.183628722296820612e+01
3.230079575272294079e+01
2.648176507321660367e+01
2.947710233191921247e+01
3.117128212507380880e+01
2.786804279204337931e+01
2.902913487342096133e+01
3.334867604573567945e+01
3.621006592837247240e+01
2.811840576171875128e+01
2.786580544960598971e+01
2.501542388520589810e+01
3.460674754993335966e+01
2.594201163450876990e+01
3.716682532981590015e+01
4.008913846285837934e+01
3.597424248889484488e+01
3.897761842681140365e+01
4.091283846916036282e+01
3.332586999841638686e+01
2.855910695226569018e+01
2.475072792226617935e+01
2.884663086221120665e+01
2.368989989479181091e+01
3.072200191405511660e+01
2.817695343114768036e+01
2.732692864697850510e+01
2.581067775568196154e+01
2.934276923950779548e+01
2.554696832384382077e+01
2.454034651719130622e+01
2.338046494308782997e+01
2.884436185019356813e+01
2.859150994790567069e+01
3.009582359525892414e+01
2.440790807738784807e+01
2.842914801988846207e+01
2.640862622261047221e+01
2.683027296387747285e+01
2.656369512054556736e+01
2.454961822379348746e+01
2.850405207924220718e+01
2.033104073842366688e+01
2.410311565759047170e+01
3.009586653502091025e+01
2.998816534368003417e+01
3.039113661913367892e+01
2.799114970070975161e+01
2.998076489892336483e+01
3.168778824161838870e+01
3.294867890780089681e+01
2.998035207923483725e+01
3.094280076924727041e+01
2.539919040436135234e+01
2.593679610804507618e+01
2.470606652046870266e+01
2.468438761113053559e+01
3.083962541745032837e+01
2.968180882684115574e+01
3.031842014171458999e+01
3.236882413781207646e+01
3.024034649202193492e+01
3.159832870280334660e+01
2.996061424062221690e+01
3.700928769792829343e+01
3.138068414272222384e+01
3.246092609258798234e+01
3.208693502225928285e+01
3.131723863107186645e+01
3.330587692260742472e+01
3.059851057366673643e+01
2.689371749644971032e+01
2.860168202069340992e+01
2.818558206692548040e+01
2.486719201008478919e+01
2.951862284093121147e+01
3.647634194536907160e+01
2.770269434763626748e+01
2.893204013615438441e+01
3.079946561177571596e+01
3.224453613258744156e+01
3.129625355113636331e+01
2.962319673493851013e+01
3.158773304974591412e+01
2.634039999496105011e+01
3.078962512638257820e+01
3.186353378734369457e+01
2.590363135427798724e+01
3.255648691513959392e+01
3.163286638259887695e+01
2.604761322154555359e+01
2.430955117028038615e+01
3.029687155210054783e+01
3.027563913291859876e+01
1.966573244181986269e+01
3.017820668538411510e+01
2.515366091047014407e+01
2.886888200464382948e+01
2.839260503133138158e+01
2.809471392077069041e+01
2.673511937986383913e+01
2.887858257139468066e+01
1.720424123143040873e+01
2.212902747385600577e+01
2.348072319764357374e+01
2.797594593879871638e+01
2.103719103336334229e+01
2.110358750820159912e+01
3.030601410071055213e+01
2.856771034930818587e+01
2.233081305878502931e+01
2.602997690088608707e+01
2.378870508518624760e+01
2.855235844566708536e+01
3.325683775642849582e+01
2.169473374289188783e+01
2.609625204177129731e+01
3.150954453291091184e+01
2.669100599904214022e+01
2.144261694487672187e+01
3.157338133187129614e+01
3.144877419589964873e+01
3.365608548009118550e+01
2.945190809230611606e+01
2.958902054900055845e+01
3.424033608687551578e+01
3.269736269437349563e+01
2.795709152471006220e+01
3.250509058226138848e+01
3.463763191773719541e+01
3.156615590547260553e+01
2.452735396354429298e+01
2.721692797907338601e+01
3.233635971247517205e+01
3.417059622139766617e+01
3.327328650004555755e+01
2.249163578926248874e+01
3.157827387446850764e+01
2.535251720881057835e+01
2.871332781432104753e+01
2.813228115505642535e+01
3.336588376528256816e+01
2.756038320517238205e+01
2.969653962942270198e+01
2.400638033395790316e+01
2.987299860259632922e+01
3.424594892395867163e+01
2.674774757508308554e+01
2.593759004531368006e+01
3.246471837850717179e+01
2.056345925896854610e+01
2.598591755357988120e+01
3.150041658647598908e+01
2.967980777300321193e+01
3.104354739833522459e+01
3.166085979461669808e+01
2.025944306358458391e+01
3.077336196899414134e+01
3.343187731574563770e+01
2.622699688590146749e+01
2.677418927793149450e+01
3.171040664735387438e+01
2.027444729842538962e+01
3.328355060787651354e+01
2.483957849789972272e+01
