1.843538742203144309e+01
1.719641466010106612e+01
1.772588024641338222e+01
1.778322571891575166e+01
1.612600383135968229e+01
1.571161713164268825e+01
1.691318782494992590e+01
1.639585383714168998e+01
1.750422311576816625e+01
1.960140721938189401e+01
1.768450493282741931e+01
1.889174966078538276e+01
1.474773497928846666e+01
1.857908092516858289e+01
2.077721025466918903e+01
1.654955211552706729e+01
1.613523924085829009e+01
1.654493952113271504e+01
1.565980322949297943e+01
1.657093179548109063e+01
1.622253487660334770e+01
1.894619012648059453e+01
1.829020237100535340e+01
2.111114962689288177e+01
1.590621674426494181e+01
1.623007789818016278e+01
1.875271138330785092e+01
1.700207422090613463e+01
1.661934552294142620e+01
1.940860472459059594e+01
1.901965257856581104e+01
2.015570328559404700e+01
1.967080079184638208e+01
2.299545929648659381e+01
2.022078323364257812e+01
1.628818285465240479e+01
1.506734456067309935e+01
1.723730305094777648e+01
1.494546068475601608e+01
1.655980736257783903e+01
1.711872967929704714e+01
1.401198379666197447e+01
1.630475192704224341e+01
1.626811808682559501e+01
1.471128571950472264e+01
1.515226844905578041e+01
1.562949764519407125e+01
1.381111097335815430e+01
1.436322664392405457e+01
1.410019566877832986e+01
1.747195553482321984e+01
1.709107890112474948e+01
1.571741584715296014e+01
1.631113059799392673e+01
1.542061765064564760e+01
1.715156466540168267e+01
1.792473065411602917e+01
1.366541664817116519e+01
1.844131040573120117e+01
1.793748019925124382e+01
1.523374587164984817e+01
1.700996510982513499e+01
1.645805697057438977e+01
1.502889878822095504e+01
1.592843059783286286e+01
1.662366039348098568e+01
1.817517945275234936e+01
1.712449152213482861e+01
1.530447124481201193e+01
1.605240558472690182e+01
1.705246960386937971e+01
1.591795265596676501e+01
1.810910480217247098e+01
2.057745860806472038e+01
1.891107920169830336e+01
1.835373290239182253e+01
1.609555389122529334e+01
1.442034329658697445e+01
1.649126046354120589e+01
1.024209060888180822e+01
1.852155642833524496e+01
1.623777815980731276e+01
1.647417978197336197e+01
1.737292207350753159e+01
1.728691843577793819e+01
2.003985629992538620e+01
1.567426670781823894e+01
1.356634188415412545e+01
1.761758776165190099e+01
1.283479776884380108e+01
1.600037455278284426e+01
1.379016591748620790e+01
1.513652244137554703e+01
1.714155198746368569e+01
1.161785622799035345e+01
1.750473608970641948e+01
1.698218975510708262e+01
1.597437621029940580e+01
1.783803094379485543e+01
1.658785283790444254e+01
1.450382642392759003e+01
1.550754561322800740e+01
1.675904758771260461e+01
1.412366746111614013e+01
1.402550912813375916e+01
1.534464635315889147e+01
1.562818141722343412e+01
1.814608336593698112e+01
1.833011870098929208e+01
1.313252906901862005e+01
1.724123502912975425e+01
1.541255528048465173e+01
1.743423234939575295e+01
1.706399378322419835e+01
1.569283039753253561e+01
1.737942777780386194e+01
1.703374928718245940e+01
1.333522750056067174e+01
1.234625053405761719e+01
1.251394953338884974e+01
1.788276969522669546e+01
1.188639828623557548e+01
1.295627828229937606e+01
1.913385385420264129e+01
1.740504519835762309e+01
1.467663833830091669e+01
1.456942626635233573e+01
1.520823454663036323e+01
1.595929585269947104e+01
1.635406767404996486e+01
1.206067677034715757e+01
1.638182853114220450e+01
1.663935825203646957e+01
1.494767466835353709e+01
1.327232774850484454e+01
1.436811353302002026e+01
1.584161091374826924e+01
1.637259605407714957e+01
1.707432397030993698e+01
1.967702627182006836e+01
1.657366817338126097e+01
1.839917585831279823e+01
1.491088897030369687e+01
1.576211488608158007e+01
1.395100134894961386e+01
1.619351129178647497e+01
1.543011051753781793e+01
1.581234311544766946e+01
1.699539495217074148e+01
1.767691924738329590e+01
1.478224788415627344e+01
1.537765119513686862e+01
1.648861717094074564e+01
1.674693928446088620e+01
1.326229303023394479e+01
1.679082609358287925e+01
1.720365508721799230e+01
1.617963209152221538e+01
1.813297246297200616e+01
1.546162657115770500e+01
1.707638898602238342e+01
2.380753597617149353e+01
1.701054812234545466e+01
1.348740803111683206e+01
1.544559049606323242e+01
1.359806596315824123e+01
1.735531344971099443e+01
1.653108530778151319e+01
1.745911945121875775e+01
1.888994584517045539e+01
1.746047700098318600e+01
1.264569981418438793e+01
2.287666462279938173e+01
1.809098676631325020e+01
1.663132567966685471e+01
1.626414591767067108e+01
1.716637212154912007e+01
1.277014968578632015e+01
1.595175235718488693e+01
1.674129476218388035e+01
1.854376030574153944e+01
1.624927066501818373e+01
1.639656255303359700e+01
1.794851852613756904e+01
1.620646805996853601e+01
1.652908557573954340e+01
1.663571298122406006e+01
1.598472971033166878e+01
1.496114349108410124e+01
1.696851542275711111e+01
1.447523994236201972e+01
1.581390477118091020e+01
1.502097487287456445e+01
1.885911936574168024e+01
1.895082244491577228e+01
1.594658586714002801e+01
1.551940268439215664e+01
1.527447456656815739e+01
1.588105298395026210e+01
1.828189299827398173e+01
1.484246241661810117e+01
1.577709348740116191e+01
1.681613640558152056e+01
1.990939735643791408e+01
1.440551411220005562e+01
1.605517908304679153e+01
1.725676902910558042e+01
1.492978181065739740e+01
1.658909064531326294e+01
2.112183839303475708e+01
2.185054317510352817e+01
2.300410041133914518e+01
1.974112622330828515e+01
2.334719694421646352e+01
1.794455165691204002e+01
1.574573981761932373e+01
1.550631294683976691e+01
1.862755810195185546e+01
1.401630611226038248e+01
1.752237457229245265e+01
1.590380740317569419e+01
1.494295838635838614e+01
1.748954513530039279e+01
1.647811566585559007e+01
1.495272187797390728e+01
1.764302537348363131e+01
1.390392349204238620e+01
1.333336063484092726e+01
1.423031534590162650e+01
1.498220665189954914e+01
1.487210448952608388e+01
1.443692195262664413e+01
1.343444278538227010e+01
1.539585716804761617e+01
1.567125913910706281e+01
1.511516923170823290e+01
1.655391470245692886e+01
1.337892915089925161e+01
1.702895720499866528e+01
1.641009987264439829e+01
1.336600097795812125e+01
1.576124924760523882e+01
1.752336894444056981e+01
1.576949702159012823e+01
1.819965251716407550e+01
1.474363522451431940e+01
1.707286650431904818e+01
1.615155788645085977e+01
1.614173628513077929e+01
1.476168962277864161e+01
1.634465311105968865e+01
1.449387952836893412e+01
1.780268648720572600e+01
1.708264277885700011e+01
1.828822465825964017e+01
1.541961523968240577e+01
1.671442069130382180e+01
1.468984476241775283e+01
1.654229012018517508e+01
1.524207125769721216e+01
1.507353552481285597e+01
1.283740749725928687e+01
1.355374309898081364e+01
1.494841814237367039e+01
1.731165717275519000e+01
1.721519790021291385e+01
1.581227949739412431e+01
1.561079367812799035e+01
1.768857156726675939e+01
1.327542850375175476e+01
1.492683627558689530e+01
1.590919856327336035e+01
1.600199984691359845e+01
1.465238929121461631e+01
1.160778322855631473e+01
1.595567025266214145e+01
1.743890682374588152e+01
1.572336754687996851e+01
1.679910851231327840e+01
1.385674572434536245e+01
1.662787003102510042e+01
1.501621073141865281e+01
1.243381703574702435e+01
1.220215925649434574e+01
1.414748571230017582e+01
1.582695095483646774e+01
1.662398640744320844e+01
1.546735297105251128e+01
1.787948106605315957e+01
1.148665359419614518e+01
1.738872989654541001e+01
1.492905999743749312e+01
1.588399582177820335e+01
1.605783269246419209e+01
1.531085257197535299e+01
1.437859478392131507e+01
1.621613100982419198e+01
1.439162285383357620e+01
1.223830518214660223e+01
1.183474281659493066e+01
1.807737163314245521e+01
1.239822435379028320e+01
1.290182471275329590e+01
1.664661478002865991e+01
1.586834818394339841e+01
1.415691895995821348e+01
1.293587069791906075e+01
1.383030277617434223e+01
1.474058535893758126e+01
1.696615010697320614e+01
1.158143803491546819e+01
1.293308786664690224e+01
1.477200245646248788e+01
1.447953489775298763e+01
1.298297567946461406e+01
1.534750682567728042e+01
1.597217387207283501e+01
1.532755389324454320e+01
1.351958602686923783e+01
1.596359307615906964e+01
1.144980613306949024e+01
1.703237477816068335e+01
1.399509304645014751e+01
1.544044806541652903e+01
1.548596663327561274e+01
1.666821321186266402e+01
1.342195607462237028e+01
1.522987958096337380e+01
1.567175992329915424e+01
1.517754617483609536e+01
1.535634017104737481e+01
1.575748589698304514e+01
1.708826968944178049e+01
1.763201763670323174e+01
1.407729381811423330e+01
1.446971473693847621e+01
1.818348872197138633e+01
1.666398636298843527e+01
1.648526395651010290e+01
1.437243830439556014e+01
1.855381384013611523e+01
2.103612711694505322e+01
1.625347792717718320e+01
1.348757087030718438e+01
1.425767555603614234e+01
1.696993805190264126e+01
1.472298364697789808e+01
1.816478147045258495e+01
1.552549278430449675e+01
1.696569004574337569e+01
1.513782448768615652e+01
1.220421263528248623e+01
1.920631247202555514e+01
1.559675314286175940e+01
1.470278321740461536e+01
1.370022416997838910e+01
1.535173454441008012e+01
1.310153449051023422e+01
1.710236609451414225e+01
1.688401380303787747e+01
