2.770891078370572913e+01
2.554693154112933584e+01
2.783164325513337900e+01
2.728667129800084723e+01
2.445077109407600346e+01
2.277352939087928618e+01
2.350944293275171404e+01
2.263777264537061029e+01
2.448184555000544549e+01
2.181920627519196287e+01
3.087769566641913599e+01
2.700428202702448743e+01
2.382218736054881347e+01
2.699048904672053339e+01
2.680451905822753744e+01
2.813105097683993350e+01
2.840042639131899094e+01
2.531890942403022748e+01
2.257685998198273936e+01
2.267318797755885740e+01
2.255222210517296588e+01
2.415348216026060157e+01
2.816266178262644715e+01
3.003658948625837155e+01
2.763758394908320071e+01
2.577384282704946017e+01
2.843532083092666340e+01
2.855341922373011343e+01
2.702859085164171660e+01
3.402654823890099323e+01
2.595634332444932824e+01
3.148846393161349866e+01
3.609555215305752540e+01
3.605279571359807989e+01
3.023892516389899399e+01
2.471866704736437015e+01
2.739279536302177220e+01
2.447522137488848060e+01
2.186382476319657897e+01
2.930261709444191354e+01
2.403173402015199045e+01
2.212874353633207392e+01
2.842011492123157623e+01
2.275801092855046193e+01
2.355101927427145014e+01
2.684562213150496390e+01
2.566134717171652113e+01
2.394477951343242950e+01
2.496184789723363551e+01
3.398434985658657581e+01
2.427645556766196222e+01
2.398512734768697996e+01
1.859433798868148102e+01
2.761252378488515902e+01
2.333761418512625241e+01
2.432395093581255807e+01
2.513550664171760474e+01
2.058563357266512739e+01
2.069037174671254320e+01
2.526596235371322052e+01
2.619057642618815152e+01
2.850573118527730188e+01
2.991905113746379996e+01
2.803035911405929426e+01
3.125401356879700998e+01
2.460335686521710130e+01
2.560965251443374058e+01
2.549731369649083135e+01
2.700295577309348261e+01
2.401240505445871776e+01
2.007748096492014866e+01
2.350745152492149259e+01
3.248299323352858181e+01
2.607905221843033416e+01
2.876493553161621008e+01
2.687310407857979300e+01
2.655397485602985697e+01
2.605611341649835921e+01
2.332967259667136517e+01
2.357393668163781797e+01
2.359289310047927302e+01
2.294252793893874198e+01
2.595286698639392853e+01
2.835840953235894801e+01
2.890646015651642387e+01
2.561374436424912560e+01
2.338562441187978536e+01
2.709199525359877825e+01
2.976785427275158114e+01
2.268287714907997454e+01
2.296814378850600136e+01
2.339966379475389857e+01
2.860817583014325294e+01
2.553862047596138041e+01
2.639177891702362899e+01
2.275736647182040784e+01
2.362122768579527232e+01
2.312352267178622256e+01
2.361397119552369972e+01
2.630194529047552265e+01
3.504613431294759351e+01
3.026995263877489961e+01
2.055626222822401417e+01
3.013827196446860768e+01
3.000756602978888310e+01
2.116187501397932635e+01
2.226457200923436019e+01
2.883361326824135418e+01
2.465080839955908587e+01
1.744831888137325038e+01
2.300324783627949188e+01
2.065723269864132661e+01
2.720324260711669950e+01
3.007472226733253251e+01
2.815620778157160942e+01
2.129607391357421875e+01
2.189459484371938203e+01
1.699383814390315450e+01
1.784876323795918296e+01
2.205070647865917621e+01
1.946875869363978140e+01
1.928217442570900531e+01
2.187348489594041112e+01
2.580280437702085905e+01
2.623902736884960163e+01
1.958098865438390490e+01
2.608251104354858541e+01
1.977040756814848166e+01
2.159842223737707201e+01
2.003461191745904912e+01
2.164974582708623529e+01
2.230857007734237030e+01
2.500507224106988957e+01
1.969593200853219628e+01
2.233534969671352499e+01
2.424862219238281114e+01
2.589638276152558305e+01
2.159023190392388258e+01
2.630499831352444673e+01
2.549978199983254612e+01
2.768188774018060627e+01
2.333471450509951239e+01
2.524893289682816544e+01
2.259153596319333346e+01
3.187736955269303962e+01
2.181654389699300012e+01
2.520979547800508058e+01
2.494178759667181211e+01
2.653873862170985731e+01
2.510028951777968231e+01
2.558501341772861082e+01
2.654388575651207915e+01
2.771905318173495303e+01
2.354235829625810794e+01
2.418215684329762283e+01
2.532132066999162845e+01
2.469942046184928941e+01
2.410930227552141503e+01
2.584216791788736955e+01
2.674272093565567587e+01
2.616255352232191456e+01
3.290578469634056091e+01
2.729267282334584976e+01
2.562057848843661390e+01
2.817456888269495252e+01
2.692093668228540793e+01
2.054079951249159919e+01
2.633924783559945837e+01
3.095327771228292590e+01
2.379017387736927347e+01
2.278629685926807014e+01
1.957593059539794922e+01
2.628100598513425012e+01
2.493219566345214844e+01
2.390951317431879986e+01
1.533919098580530438e+01
2.477589070563222862e+01
1.769758762946495523e+01
2.495909473299980164e+01
2.254134793117128410e+01
2.697126236592042048e+01
2.644886892720272797e+01
3.035722820933272104e+01
2.725271746402175665e+01
2.396192445672554783e+01
2.186663490931193010e+01
2.161706885695457458e+01
2.442488114627791163e+01
2.350935611005745329e+01
2.552696935557786162e+01
2.904828176393613859e+01
2.776967676109242689e+01
2.104011784767617854e+01
2.502081511443827466e+01
2.747436253356933733e+01
2.515559950934516209e+01
2.609534038509334408e+01
2.306715498712962287e+01
2.008333757478897041e+01
2.586554953109386190e+01
2.121727488117833360e+01
2.050743259922150585e+01
2.499896667117164384e+01
2.642860458836410942e+01
2.396373801095145240e+01
2.499866157018837853e+01
2.869498424995236263e+01
2.509447617144197906e+01
3.110674627621968469e+01
3.356855323226363907e+01
2.629745476200895382e+01
3.195242388902512332e+01
3.456452069631436785e+01
3.429668653772232290e+01
3.271575259303187266e+01
2.592442813672517588e+01
2.540957335558804431e+01
2.527314334287962438e+01
2.198116563903498744e+01
2.936908791142125352e+01
2.279291256218199635e+01
2.127494656682728191e+01
2.847800374401665735e+01
2.315757277821809978e+01
2.497315315324432916e+01
2.766626937668045016e+01
2.597094449218438683e+01
2.911573175950483972e+01
2.439830029118168397e+01
2.625004958046807246e+01
2.287434349750055418e+01
2.385260455119304268e+01
1.895519158542156291e+01
2.553196819176834609e+01
2.156754994303763695e+01
2.631487155164408875e+01
2.481068733464116605e+01
2.063428443908691534e+01
2.200912734697449835e+01
2.243140877157017954e+01
2.545333859978652669e+01
2.537649953268407899e+01
2.787509421212332583e+01
2.854837315625483285e+01
3.027836588266733386e+01
2.316141461544349411e+01
2.543431805412550517e+01
2.816658130949012318e+01
2.590532992656966016e+01
2.337588515030710212e+01
2.548264851616424309e+01
2.472628801960055966e+01
2.558415992956593144e+01
2.926697428473110918e+01
2.718399224457917285e+01
2.639544846907906006e+01
2.686889599109517945e+01
2.506082291113559890e+01
2.231947475143625681e+01
1.933618033878386910e+01
2.323204701645930115e+01
2.241003988950680537e+01
2.587219070729629777e+01
2.596516264613273250e+01
2.660594279640599424e+01
2.793527137419306072e+01
2.517219731279912054e+01
2.900937452121656790e+01
2.534691466747874955e+01
2.383131714661915979e+01
2.505971428615594832e+01
2.304086634007895995e+01
2.844479413466019935e+01
2.683589589105893580e+01
2.888319480895995994e+01
2.600560825201614179e+01
2.731069551333032308e+01
2.693684331760849915e+01
2.760525231537995339e+01
2.663686358429664836e+01
3.233275023750636734e+01
2.761653836568196496e+01
1.945097023586057361e+01
2.717496832679299601e+01
2.895126075329988069e+01
2.191366199005481974e+01
2.235116549655123919e+01
2.879318407254341494e+01
2.397987355027243339e+01
1.681177763285370474e+01
2.225835272471109860e+01
1.975270415109301325e+01
2.997668567173917609e+01
2.615133015950520701e+01
2.946593976575274709e+01
2.520490469463130978e+01
2.220405843894115350e+01
1.704534431945445760e+01
1.892774959428776071e+01
2.111551230687361524e+01
1.980639472043603888e+01
1.923776756494473261e+01
2.242493673165639123e+01
2.241070723533630371e+01
2.715943625943744522e+01
2.276988465445382204e+01
2.467842779720530899e+01
2.230132560019797339e+01
2.459081617991129676e+01
2.614952849078651909e+01
2.132453082509017861e+01
2.464787450517927070e+01
2.346798371002737227e+01
2.168927051858662836e+01
2.264149175893765431e+01
2.395876259639345207e+01
2.338233747561115905e+01
2.284148966434390005e+01
2.896366283789226870e+01
2.652029753731681083e+01
2.713776975932874080e+01
2.576265406975379335e+01
2.465298555411544612e+01
2.428073710695319321e+01
2.234736907605043399e+01
2.232712900262129807e+01
2.316556557686098117e+01
2.456147570896397525e+01
2.684213820536425033e+01
2.650908256652184392e+01
2.414086518903668477e+01
2.453784321724100437e+01
2.605900062290968222e+01
2.415425087233721158e+01
2.624049274256972097e+01
2.389122929043239907e+01
2.581779588971819095e+01
2.441648599165904443e+01
2.521377173203688571e+01
2.510784677712313950e+01
2.515557983775197570e+01
3.355941594971550757e+01
2.493160375472038126e+01
2.350886329527824259e+01
2.521138477325439453e+01
2.480097875756732506e+01
1.897272843670991449e+01
2.702392061295048009e+01
2.764695721406203077e+01
2.386068509076092781e+01
2.369237741470336900e+01
1.965322577764117540e+01
2.728055320739746037e+01
2.240259895324707173e+01
2.231771632311815878e+01
2.275928089942461341e+01
2.291549521586934191e+01
1.771589483426311773e+01
2.038647849165548465e+01
2.158948006042062318e+01
