2.867514145216500054e+01
3.312102103559938371e+01
2.654282916219611010e+01
2.922251057432233168e+01
2.788228552843767361e+01
2.877749521778561004e+01
2.786970481094049035e+01
2.662627638451959200e+01
2.813760479152825766e+01
3.371451960046307050e+01
3.268624517652723682e+01
3.041764161036564929e+01
2.745501726668402043e+01
2.442014193421856660e+01
3.825624958801269315e+01
3.371370523626153926e+01
2.840890412507233620e+01
2.533949707991240174e+01
2.696635944812328844e+01
3.017488814689017573e+01
2.771908323581402200e+01
2.465494377382340119e+01
2.966161678577291383e+01
2.698727904976188441e+01
3.358747673034667969e+01
2.975889363675504029e+01
3.094817986139436883e+01
2.948027287358823045e+01
3.231067817769152128e+01
4.350227520282452076e+01
3.611636471218533018e+01
3.666550071151168311e+01
3.499601231680976099e+01
3.778820558027787513e+01
3.291941228044142065e+01
2.033426708834511842e+01
2.938672256469726562e+01
3.122209246757099166e+01
2.262616422328543209e+01
3.029203319121904059e+01
2.763997839528618172e+01
2.501729594024957493e+01
2.890990994833960315e+01
2.771256981538922659e+01
2.570312270751366412e+01
2.805951317069456863e+01
2.961794171695820665e+01
3.021635266817532894e+01
2.639974538211164656e+01
3.251925949480548894e+01
2.674030936091320854e+01
2.674585767074744425e+01
2.407396026361184127e+01
3.069946571449180794e+01
2.500323134429694960e+01
3.169978839649873592e+01
2.996778382195366675e+01
2.527572319724342975e+01
2.881195169814089496e+01
2.925703666193022201e+01
3.005838059319390254e+01
3.291724190711975240e+01
2.895166713889987875e+01
2.954832150237728783e+01
3.110051374232515542e+01
3.132578759823205417e+01
3.110314166965197202e+01
2.462278697904476488e+01
2.952626903880726061e+01
2.784305755665760174e+01
2.495351313895919532e+01
2.932754797094008481e+01
3.235945196188841066e+01
3.629967131031502703e+01
3.502163268089294235e+01
2.711815526844126012e+01
2.777687187628312415e+01
3.116540346066813782e+01
3.525238862904635084e+01
2.981653645394862551e+01
3.570742705261822891e+01
2.824788838512492717e+01
3.296803174912929535e+01
2.848911066010524351e+01
2.901591839866032529e+01
3.243224268281058187e+01
2.729462490965988408e+01
3.106146727827258402e+01
3.161081706455775731e+01
2.928160350197239836e+01
2.974410421708050833e+01
2.918797321808643730e+01
2.643199469112768440e+01
2.369634576204444087e+01
3.408703603648176284e+01
2.559587400754292830e+01
3.349626884904018453e+01
2.650132810419255946e+01
2.832592481280130059e+01
3.110787799223414041e+01
3.341862771775987540e+01
2.868858670173807468e+01
1.878132634692721936e+01
1.798907393478765826e+01
3.019930634243797840e+01
2.648829829766883748e+01
2.276898671539736441e+01
3.299759809432491409e+01
3.065712943443885052e+01
1.668150735157792397e+01
3.103297362251887392e+01
2.031608444765994292e+01
3.174383129119873104e+01
3.389992550441196784e+01
3.171744176057668696e+01
2.455086634709284965e+01
3.211061976411195928e+01
1.974686750145845693e+01
2.020092717656549297e+01
2.217144083669768762e+01
2.747766779471134768e+01
2.252270736694335795e+01
2.121181780831855690e+01
3.013696884527438868e+01
2.999423813474351164e+01
2.457368015359949354e+01
2.883672253290812293e+01
2.722858430505768013e+01
2.409297209888247338e+01
2.457287096060239406e+01
2.215833115691773614e+01
2.911631741062287304e+01
2.895178075197364009e+01
2.807951746250800795e+01
2.689341244826445632e+01
2.934468087768554767e+01
3.046824195358779264e+01
2.932653160942925297e+01
2.563486005456407923e+01
3.344409650411360957e+01
3.201535876592000562e+01
2.944004895705585412e+01
2.900432860445814143e+01
3.809280314589991434e+01
3.197525228268255049e+01
2.650244864711055115e+01
2.710988830470439126e+01
2.888390698996923334e+01
3.188936931257866192e+01
2.807221593191457387e+01
3.167479640773085237e+01
2.879927448350555963e+01
2.669003005461259193e+01
3.207525406564985104e+01
2.783147750181310442e+01
2.680903502873011846e+01
3.224470673775186214e+01
3.200392665863036967e+01
2.798881330490112163e+01
3.039272271031918748e+01
3.124025468473081091e+01
3.869156533479690552e+01
2.708768449510846921e+01
2.613551986000754468e+01
2.953325921517831176e+01
1.635143117415599434e+01
2.387027544789500055e+01
2.946337259732759861e+01
3.605634320300558215e+01
3.306671751195734288e+01
2.442127301711444787e+01
2.404740384799330855e+01
2.746951629303313780e+01
1.990469502147875502e+01
3.050328350067138672e+01
2.601190926307855733e+01
2.856728370516907844e+01
2.047156151991623929e+01
3.066244471073150635e+01
2.979771324683879996e+01
2.956786486154287275e+01
3.143456589548211255e+01
2.725433396130073405e+01
2.958205256723921295e+01
2.824381280838584374e+01
2.775108697255452483e+01
2.935192149877548218e+01
2.715775260689817827e+01
2.703778114010658484e+01
2.803552224782592006e+01
3.569690473787077423e+01
3.017313201405177736e+01
3.009010683435971956e+01
2.165155314573477696e+01
3.711001177215576519e+01
3.088366966247558665e+01
2.903254500380507608e+01
2.486166132852702759e+01
2.673256795700282140e+01
2.531059540149777476e+01
2.624935463936098046e+01
2.263564451279178869e+01
3.007040773119245358e+01
2.831923903840960932e+01
2.938075758797781845e+01
2.945627318310136644e+01
3.219369510324990102e+01
2.692708835086306962e+01
3.205165702104568481e+01
3.853481778745297959e+01
3.751672946282153021e+01
3.312978052459986600e+01
3.359038325053889906e+01
3.321314616913490880e+01
2.969703669161409820e+01
2.585354733467102051e+01
2.582246711037375775e+01
2.616318570814168254e+01
2.501834886812316583e+01
2.636062984312734159e+01
2.545724147140600024e+01
2.460075131718983954e+01
3.117179576102933680e+01
2.927925985053395408e+01
2.866764818892186995e+01
2.943155110346806680e+01
2.718891470772879515e+01
2.948816445585969248e+01
2.628079706484133027e+01
3.039420484966701963e+01
2.518184413466342519e+01
2.533689981851822282e+01
2.468486279845237874e+01
3.024406561690769735e+01
2.432728588004980708e+01
2.911410096975473394e+01
2.893489765084308019e+01
2.242437143961588575e+01
3.122055798656535686e+01
2.645509703262992574e+01
2.877955808872129850e+01
2.985333461296267643e+01
3.153291655404227001e+01
2.951291528078589010e+01
3.209352720105970036e+01
3.068282017942334861e+01
3.034536117516853793e+01
2.709239334042601044e+01
2.908668360315767387e+01
2.782367908076236063e+01
2.794019587988992370e+01
2.740244685997397056e+01
2.925179461883419307e+01
3.293977992616850514e+01
3.200029999061867159e+01
2.799735918459684925e+01
3.080645745376060773e+01
3.284575977978144579e+01
3.382240179520618995e+01
3.483268722655281380e+01
3.330240734358478960e+01
2.963455747946714780e+01
3.173435701191095859e+01
3.003282363326461279e+01
3.212238450301320825e+01
3.011436783357796543e+01
2.846924877894743844e+01
3.198931020619917831e+01
3.045380406984141075e+01
2.884153797229130944e+01
2.838746360080694231e+01
3.015084522526438704e+01
2.816466565836559610e+01
2.427794332373632002e+01
3.526207967122395814e+01
2.954700852003069400e+01
3.268808414960148667e+01
3.070262259106303304e+01
3.258392418755425268e+01
3.022179439455963745e+01
3.599164274464482816e+01
3.232042623936445125e+01
2.082753062698076363e+01
2.453853781083050833e+01
3.126785970770794520e+01
2.507927851344263814e+01
2.379005243971541006e+01
3.486767120850392132e+01
3.106292494657997949e+01
1.784732097296545206e+01
3.282785645802815822e+01
2.036722104511563813e+01
3.405391102105799206e+01
3.360201990763346203e+01
2.962826076773709971e+01
2.551297689843054428e+01
2.494331948262340504e+01
1.969273519515991211e+01
1.933932754697178780e+01
2.277000606060028076e+01
2.771928890486409003e+01
2.137203147472479259e+01
1.651364924510319909e+01
2.872701132297515869e+01
3.045373654964581078e+01
2.184787602935518436e+01
2.802810024934656496e+01
2.579256224124989672e+01
2.698753774733770427e+01
2.804073936260299149e+01
2.116675274794181405e+01
2.593637660798572497e+01
2.653720703800167513e+01
2.554051395129132018e+01
2.414604168730421918e+01
2.939848763038372326e+01
2.972156362297121035e+01
2.728053647418354899e+01
2.400498072948520090e+01
3.091132194679100209e+01
3.179517703809236195e+01
3.032574435013991021e+01
3.037801874696818771e+01
2.752633482381838093e+01
3.188729635218983915e+01
2.294784989607961379e+01
2.516209948139805874e+01
2.857718286439581945e+01
3.064217802319050676e+01
2.918489435939637033e+01
3.403483626260711503e+01
3.059472222023821786e+01
2.586447553719039405e+01
3.128007329520532664e+01
2.838172724989593831e+01
2.466897392272949219e+01
3.118963234145919827e+01
3.217006697835801532e+01
2.859404957111065215e+01
2.946412401314241336e+01
2.849140103658040246e+01
3.267457193798489357e+01
2.661736136098061678e+01
2.506800585408364412e+01
3.156069355744581983e+01
1.757900952484648016e+01
2.234585690644621181e+01
3.135471224015758906e+01
3.466672515869140625e+01
3.376537980260075500e+01
2.750082551956176857e+01
1.920830430681743195e+01
2.874345497131347571e+01
2.718748171189252005e+01
2.740322452687962240e+01
2.555565405480655627e+01
2.638695074300296994e+01
1.964833029799574149e+01
2.948782237495963088e+01
2.406262084229351572e+01
