3.163370723242363880e+01
2.926526845644598041e+01
3.916493141442014547e+01
3.387699142603958791e+01
3.255383137213370048e+01
3.262839647013064592e+01
3.450871471482880537e+01
3.004668476300245317e+01
3.389530329421837251e+01
3.760205347397748454e+01
3.923661375045776367e+01
3.852942168896014863e+01
3.024910079248693506e+01
3.129454979738353160e+01
3.909911607360839980e+01
3.542192103646018353e+01
3.363429061041937729e+01
2.986641580695347997e+01
2.777363465049050006e+01
2.757846352860734385e+01
2.868629455566406250e+01
2.798635089012884336e+01
3.364546650853650078e+01
3.809022135548777044e+01
4.064329652844762819e+01
3.486280157759382803e+01
4.048514252174191341e+01
3.251868314328400800e+01
3.641860714364558760e+01
4.335730986961951317e+01
3.504265873379177521e+01
4.104938975675606372e+01
4.215096309449937451e+01
4.483522939682006836e+01
3.745080505161110551e+01
3.016615859099796992e+01
3.351772113620298654e+01
3.367399016329290617e+01
2.851467597230951867e+01
3.549088950221314320e+01
3.181985430345467591e+01
3.074440051995071599e+01
3.562419445996214051e+01
3.384908994396081283e+01
3.251629526798542003e+01
3.437344527490360235e+01
3.490672014470685980e+01
3.133218160775991734e+01
3.063251880119586801e+01
2.987369965607265243e+01
3.350441934580814518e+01
3.262154381449629881e+01
2.487677589791719868e+01
3.572116407171472474e+01
2.995479344212731476e+01
3.169061295004452106e+01
3.222878856423460547e+01
2.547716903686523438e+01
2.905802742978359632e+01
3.353233010820347459e+01
3.171325105031331404e+01
3.463308664957682481e+01
3.647629401327549914e+01
3.447934011979536706e+01
3.530852642465144697e+01
3.876603777903430625e+01
3.688877049163358635e+01
3.751865798382719674e+01
3.355874397971413003e+01
3.247324505231238589e+01
3.236204498965724241e+01
2.999786424325182566e+01
3.891971744730314953e+01
3.990572851167308244e+01
3.913363764762878105e+01
3.554462304579472942e+01
3.884112180363047884e+01
3.609518831426446894e+01
3.526872290264476106e+01
4.056270090738932055e+01
3.968237360241343481e+01
3.572941714112863565e+01
4.062647329270839691e+01
3.397506789982038811e+01
3.777493343656025360e+01
3.517949970116776370e+01
3.460163305926796795e+01
3.191601750366669776e+01
3.600155016581217637e+01
3.064039023549933205e+01
3.907737615248736063e+01
3.383492243188059234e+01
3.593028754141272429e+01
3.372803535781988415e+01
3.691997724590879670e+01
3.561724373499552598e+01
3.937229143187057190e+01
3.724811082319779842e+01
3.302790260314941406e+01
3.471358828274708941e+01
3.598315157007287723e+01
3.436819750197390277e+01
2.781801803906758508e+01
3.617083917943443083e+01
3.262813828737681376e+01
2.795014781833435435e+01
2.692086794678593975e+01
3.610715196319439713e+01
3.351068356505825818e+01
2.267224394890569883e+01
3.729338187263125803e+01
2.923569493544729170e+01
3.717064491271972315e+01
3.347569374811081389e+01
3.550198061649616221e+01
3.117358307471642220e+01
3.686269130521607451e+01
2.144289808495100047e+01
2.237424016748584421e+01
2.476248948256856863e+01
2.757499459860981261e+01
2.562759214907276473e+01
2.592065975122284627e+01
3.784146400777304819e+01
2.829595469046330081e+01
2.801060167948405066e+01
2.968832386334737095e+01
2.528372978582614650e+01
2.585570138902520299e+01
3.384615620282980331e+01
2.751417489029003605e+01
3.396028394083823088e+01
3.447339469845555726e+01
3.551549043768479663e+01
3.265507165161339032e+01
3.434642858886719097e+01
3.628266131222903113e+01
3.083127967834472827e+01
2.834847375437699668e+01
3.590019965783143618e+01
3.696540873391287363e+01
3.435500912333643697e+01
3.391215461938559628e+01
4.021153739967731866e+01
4.577333658208291922e+01
3.165721713172064966e+01
2.957316894051414025e+01
3.691399544028825375e+01
3.841250021659086400e+01
3.181883877598962229e+01
4.109888788442142982e+01
3.370789909362792969e+01
3.326687457344748822e+01
3.642752041135515384e+01
2.948639249801635742e+01
3.174753997439430009e+01
2.881430491622613488e+01
2.854003745487758081e+01
3.248844846089681226e+01
3.524342910103175797e+01
4.157134186780011476e+01
4.474343794584274292e+01
3.237860204303075307e+01
3.083089610013094983e+01
3.240519615455909985e+01
3.162402979532877723e+01
2.726237319351790944e+01
3.503957416827861948e+01
4.118412664662236722e+01
2.993946439569646500e+01
3.290659240604371405e+01
3.074338010531752730e+01
3.390728139353322490e+01
3.680966708534642606e+01
3.168023976157693156e+01
2.324006154555683068e+01
3.619728918636546666e+01
2.228840888096735995e+01
3.300486502051353455e+01
2.818065038220635898e+01
3.154898057232363584e+01
3.200211688091880546e+01
2.865821962434101877e+01
3.203315440985605278e+01
2.957980033918485319e+01
2.990012792587280188e+01
3.131468048691749573e+01
3.148635372114770092e+01
3.039810353934871756e+01
3.619698544720697697e+01
3.229264024587777726e+01
3.504560588230596352e+01
2.709179315112886144e+01
2.867098393791165734e+01
4.337608033752441372e+01
3.146152793036566919e+01
3.296312103615150590e+01
3.057567127022200637e+01
2.173750665743057198e+01
2.492841423389523570e+01
3.016388093271563164e+01
2.775771540980185392e+01
3.192301977248418865e+01
3.770944213867187500e+01
3.186819234575544257e+01
3.420766623681333130e+01
3.490779039336413803e+01
3.528712664423762391e+01
3.921449919541677076e+01
4.209334880687572422e+01
3.640271162536909344e+01
3.945671633492528940e+01
3.839950975557653123e+01
4.302772132386552784e+01
4.014440399032455531e+01
3.150497794151306152e+01
2.832226161956787180e+01
3.136923806286212724e+01
2.750403405688135905e+01
3.373010563081310664e+01
2.820745791295531291e+01
3.261402135837577987e+01
3.186767881521906887e+01
3.293316160320665631e+01
3.576142624446323737e+01
3.808742032732282468e+01
3.181381506822546967e+01
3.436279485132786959e+01
3.690553424594638443e+01
3.663109323713514698e+01
2.939745521545410156e+01
3.473868387479048181e+01
2.517486717104911875e+01
2.899879978479964038e+01
3.264432779475215796e+01
2.828269392812353900e+01
2.822831620340761916e+01
2.354528040568033731e+01
2.988423743337954974e+01
2.951588709458060933e+01
3.095107527476985254e+01
3.095446143111562165e+01
3.497942545209612319e+01
3.284704992086580688e+01
3.718984377061998714e+01
4.153031539916992188e+01
3.788602788436816127e+01
3.780345416368300704e+01
3.147283450105136637e+01
3.237297061117072161e+01
3.388285612828523341e+01
3.253069727299577352e+01
4.033426977086950416e+01
3.909265844410863622e+01
3.513932589778193716e+01
3.145464963498323030e+01
3.791054546970060812e+01
3.616037286098465842e+01
4.212734106522572120e+01
3.505463751535567241e+01
3.457800290100556850e+01
3.397074674948667905e+01
3.824814276932352897e+01
3.405303671723039827e+01
4.187788041767321090e+01
3.317896623113547605e+01
3.169435019165505096e+01
3.481521269739890556e+01
3.451391292625749685e+01
3.541574035088220995e+01
3.796020868089463818e+01
3.832578882356969530e+01
3.720625406503677368e+01
2.900748165339639684e+01
3.615958615620930772e+01
3.087207677160392549e+01
3.485185128028946622e+01
3.889453484291254171e+01
3.556392115840205292e+01
3.386047657811364786e+01
3.848703587573507434e+01
3.770223595630163516e+01
2.885485796658498003e+01
3.084920911227955642e+01
3.396747844115547821e+01
2.703761106313661244e+01
2.941208341100194446e+01
3.625765789472139744e+01
3.249076736307589641e+01
1.966481460048462537e+01
3.319848187764485914e+01
2.583553465585859854e+01
3.737643722749092490e+01
3.520213999430338703e+01
3.449396160037018433e+01
2.975992835247454948e+01
3.327920972818955647e+01
2.341026709800542704e+01
2.404704815114038396e+01
2.480035252754504782e+01
2.598918823012731849e+01
2.456936345344934836e+01
2.593172836303710938e+01
3.456424570083618164e+01
3.221809029698970761e+01
2.617420273167746458e+01
2.894960239634794519e+01
2.912434537360008591e+01
3.067078836531866060e+01
4.114326964624670069e+01
2.657898008538204948e+01
3.471135926019577767e+01
3.474794290762032034e+01
3.555196808572311085e+01
2.996910489481478024e+01
3.210918268664129727e+01
3.328667530343552272e+01
2.950616196698920746e+01
3.408547285189131060e+01
3.193214640584025332e+01
3.108109072635048165e+01
3.000514184511624904e+01
3.169518703884548572e+01
3.771859851452188650e+01
3.957590494450834484e+01
3.047463657981471030e+01
3.038817945911038265e+01
3.227997578155278546e+01
3.867438681211694274e+01
3.694113531542709694e+01
3.650505669151196741e+01
3.277024382733284114e+01
3.392594636225067717e+01
3.464365697311142611e+01
2.872749716336609893e+01
2.796146405537923130e+01
3.249908402678254049e+01
2.794164628620389124e+01
2.997190789442796088e+01
3.524647271489522637e+01
3.802859595969871265e+01
4.272700855467054737e+01
3.194390384612544764e+01
3.160983882411833790e+01
3.363839182486901080e+01
3.083862535832291840e+01
2.534332723559046130e+01
3.635815117436070665e+01
3.684792495385194400e+01
3.645127934378546541e+01
3.593034576416015824e+01
2.945860369243318999e+01
3.519141876220702869e+01
3.728179411046644987e+01
3.001682396751036563e+01
2.974522663634500219e+01
3.590410196585733615e+01
2.280529693543441638e+01
2.800631844528077963e+01
2.824984984201927674e+01
