2.346001557121781644e+01
2.455389221400430699e+01
2.348943994756330511e+01
2.333812968295687540e+01
2.162408181821557207e+01
2.353500527358121275e+01
2.343167499620087213e+01
2.097598959294206722e+01
2.088948091480374814e+01
2.439086569991766140e+01
2.212278517087300500e+01
2.355540439899151295e+01
2.134453258135460985e+01
2.413471377404380291e+01
3.129726165771484503e+01
2.533768506483598060e+01
2.443094473944769973e+01
2.310207863359261893e+01
2.588561672359318067e+01
2.430963181160591802e+01
2.414475371287419136e+01
2.348346011869368866e+01
2.305233764648437500e+01
2.960913739885602780e+01
2.398795105635754155e+01
2.451157002835660492e+01
2.644080387673727017e+01
2.622638051406196880e+01
2.721763791429235724e+01
3.304505899869478469e+01
2.795763186984591897e+01
2.916518557513201770e+01
2.915411657757229236e+01
3.247843913598494225e+01
2.886349865274691950e+01
2.194881042412349004e+01
2.104227219826264061e+01
2.328606981505091866e+01
1.951999533430058875e+01
2.137451890338162031e+01
2.122181663783729633e+01
2.258264325646793225e+01
2.448259893896544526e+01
2.179279522413618153e+01
2.250782909760108197e+01
2.392038659951121460e+01
2.415264504415947044e+01
2.105281840837918850e+01
2.235476278436594910e+01
2.569751723907278773e+01
2.164053755448643557e+01
2.546121187575602818e+01
1.789323722026387031e+01
2.094176637971555976e+01
2.003579331183618351e+01
2.106369772518382177e+01
2.155659046879521057e+01
1.790740196921608529e+01
2.112830800198494074e+01
2.361523818969726562e+01
2.091184630923800825e+01
2.269193169275919431e+01
2.519597789062850879e+01
2.342879235624062773e+01
2.669985767121010767e+01
2.470456781927144618e+01
2.780929302809825643e+01
2.232433351406381306e+01
2.376264576305042553e+01
2.421121517080344887e+01
2.011641905907870864e+01
2.320250577240987511e+01
2.540518586273786994e+01
2.592535178095316795e+01
2.259577678203582707e+01
1.955217811280647311e+01
2.611083257198333740e+01
2.017997878839161885e+01
2.500354786352677650e+01
2.569653215079472020e+01
2.254537212038503213e+01
2.407636592073260573e+01
2.701533731818199158e+01
2.517825832277396358e+01
2.630374337756444447e+01
2.383385994729031410e+01
2.186500280266566065e+01
2.735870939269101854e+01
2.457989865257626505e+01
2.316817388032611902e+01
2.658975423925063097e+01
2.313616259485228355e+01
2.388372634096843328e+01
1.900667423761191444e+01
2.095065241148977719e+01
2.430606963369581308e+01
2.423377159029938355e+01
2.636889079700816652e+01
2.137349929506816437e+01
2.351377512374014245e+01
2.452703083179615007e+01
2.511902844314034056e+01
1.991891532474094006e+01
1.970157577700731366e+01
2.122853378849175243e+01
1.843553032490037324e+01
1.909935305152140828e+01
2.423860647491595799e+01
2.065626128922160731e+01
1.375008044704314258e+01
2.322519453745039542e+01
1.681714428098578296e+01
2.204824432373046861e+01
2.406245994567871094e+01
2.349870104056138231e+01
2.563015561226086803e+01
2.286268282399594298e+01
1.346939508305039546e+01
1.646652957628358038e+01
1.734666613959447545e+01
2.144004362907962502e+01
1.975584780245411309e+01
1.631161156035306092e+01
2.626589128447741928e+01
2.158152447576108202e+01
2.173161224082664233e+01
1.708461856047312466e+01
2.148585800232925891e+01
2.114096241380701002e+01
1.977261733091794582e+01
1.823743027591249088e+01
2.471116269019342226e+01
2.485864241784360118e+01
2.441769515478564045e+01
2.188038090113046863e+01
2.544831755065917989e+01
2.366640393812577869e+01
2.645565984937879733e+01
2.286782331624742426e+01
2.342076316246619427e+01
1.925547974450247679e+01
2.469382967690164676e+01
2.283015668959844646e+01
2.794960828260941810e+01
3.383088969679736380e+01
2.813302319138138330e+01
2.357514821658344317e+01
2.428483985060004713e+01
2.811752999086511196e+01
2.620491388010424316e+01
2.714740284779032820e+01
1.978789489123285961e+01
2.268339993736960736e+01
2.409602049418858272e+01
1.710201470992144479e+01
2.230711105891636592e+01
2.691616136200573806e+01
2.504470776149204880e+01
2.481437250773111813e+01
1.963209568935891980e+01
2.736530185628820178e+01
3.239475157856941223e+01
2.346759968712216349e+01
2.331657125299627253e+01
2.550999719125253051e+01
1.935387740991054528e+01
2.079816544520390664e+01
2.403113758380596465e+01
2.849983504198599604e+01
2.153546246615323057e+01
2.429560058061466776e+01
2.192119717953810110e+01
2.303933034624372311e+01
2.686332644914325840e+01
2.081024737919078049e+01
2.304911045695460103e+01
2.742481521531647459e+01
1.675651313341580817e+01
2.449682898819446564e+01
2.066215751911031617e+01
2.280807485180555361e+01
2.726546611283954746e+01
2.415192827364293393e+01
2.219967630897306066e+01
2.171701388675128896e+01
2.445226293563842646e+01
2.617761129140853882e+01
2.168281404589429329e+01
2.149563162545113570e+01
2.477481545815920683e+01
2.341557576106144722e+01
2.476883808029032252e+01
2.200838973246463937e+01
2.235007857037829027e+01
2.671709637451171915e+01
2.555728401607937172e+01
2.579222558854936409e+01
2.428976261116073587e+01
2.396437827854940394e+01
2.507266523671704661e+01
2.265842326994865275e+01
2.363335080300608126e+01
2.841782492683047323e+01
2.897302087148030481e+01
2.472178904942103728e+01
2.554581935465836651e+01
2.602426835967273178e+01
2.454954072591420910e+01
2.538969304164250573e+01
3.429489785653573364e+01
2.221743270586121710e+01
2.837051298766009566e+01
3.226571673881716862e+01
3.098644049624179431e+01
2.630692994057595158e+01
1.772977692202517730e+01
2.068873166170987332e+01
2.234667759579796709e+01
1.934648081977960388e+01
2.093208363748365741e+01
2.168300197382641414e+01
2.228649589401519293e+01
2.417769871845146668e+01
2.327400348061009439e+01
2.114778256902889453e+01
2.182825455108246260e+01
2.596571771466002332e+01
2.958308726471739902e+01
2.312845513627335947e+01
2.651746980879041971e+01
2.114304631255393829e+01
2.389778308379344551e+01
1.860900172889232707e+01
2.237311113550421737e+01
2.272113914915177091e+01
2.278564552567963020e+01
2.134301674884298450e+01
1.689746372222900561e+01
2.053476578334592517e+01
2.186190384021703892e+01
2.085787163711175651e+01
2.295970358499666375e+01
2.411932600838797569e+01
2.508884093785049885e+01
2.501413865991541030e+01
2.835401137930448101e+01
2.670872844014190761e+01
2.547030071434116749e+01
2.288822823718078325e+01
2.573782812419690558e+01
2.689395115676435566e+01
2.446652957140389262e+01
2.559484932353957731e+01
2.625367952544113592e+01
2.402758738199869626e+01
2.166514914968739447e+01
2.927447175431525395e+01
2.071032947279201153e+01
2.899059438101852848e+01
2.463016549367753427e+01
2.853070518665743904e+01
2.280989425610273358e+01
2.804817191276761079e+01
2.741244749375331580e+01
2.655436126307437306e+01
2.738087232811862748e+01
2.569063988896726514e+01
2.684028183684057112e+01
2.448482140017227238e+01
2.544394546747207642e+01
2.753535598555421515e+01
2.712263716720953255e+01
2.532663691585714005e+01
2.237987334107699411e+01
3.069263392130534029e+01
2.526427004541267607e+01
2.851246340587885797e+01
2.584780335980792287e+01
2.220323917247630874e+01
2.423324561895326212e+01
2.203620699177617581e+01
2.148065911216297508e+01
1.987230542020977708e+01
2.475196313457328756e+01
2.231102385728255655e+01
1.921932753296785634e+01
1.703422404624320308e+01
2.588696281726543802e+01
2.119466106913914061e+01
1.436582044901581590e+01
2.475683096567789576e+01
1.621433020394945856e+01
2.247671484611403869e+01
2.425654418945312329e+01
2.410799849310586751e+01
2.329635656682938460e+01
2.523927422803688714e+01
1.340596347631410090e+01
1.703534124024520935e+01
1.862622976303100586e+01
1.946783437226947910e+01
1.857374751262175749e+01
1.534282467762629132e+01
2.519320388634999475e+01
2.465831780553462949e+01
2.066232245309012328e+01
2.012389115726246658e+01
2.136941152430595281e+01
2.262249703180222227e+01
2.727912862411398009e+01
1.751768055372831512e+01
2.181334755307152307e+01
2.236660373316401973e+01
2.402454273675077800e+01
2.285506607092226616e+01
2.381169595389530613e+01
2.530630337108265238e+01
2.647201711078022868e+01
2.506414076294561966e+01
2.424011354513101679e+01
2.459627292030736001e+01
1.882987848428579625e+01
2.454486752179712994e+01
2.725203047761129582e+01
2.850836925899859509e+01
2.368650448447779766e+01
2.332847419246550658e+01
2.397017581531335395e+01
2.840304646016179646e+01
2.984298320537536853e+01
2.866144482370768998e+01
2.067627977817616625e+01
2.438666477034577085e+01
2.338566285472805362e+01
2.114637581246797993e+01
2.670931095547146228e+01
2.776047520823292913e+01
2.597000131727773820e+01
2.438668746948242116e+01
2.068409623295427835e+01
2.365100392000174878e+01
2.993626930978562939e+01
2.454734465383714337e+01
2.196625149634576601e+01
2.508779745835524366e+01
2.066623138977309537e+01
1.702363887740058956e+01
2.469874525070190430e+01
2.910899870212261575e+01
2.445974379616814787e+01
2.516081287384033160e+01
2.015635589569334130e+01
2.302447260538736984e+01
2.810443436117733285e+01
2.292706120332931974e+01
2.384679867308816625e+01
2.397190090867339762e+01
1.429775854546254088e+01
2.201030325701856327e+01
1.820213631407855459e+01
