2.869425481550673496e+01
2.380976590718308472e+01
2.366268069284004127e+01
2.494389458195650988e+01
2.544821755044184286e+01
2.653502373417989091e+01
3.048117618171536236e+01
2.320567689834249236e+01
2.399437227814039630e+01
3.076964773539624076e+01
3.054872597588433081e+01
3.242383405245267625e+01
2.293902685152773913e+01
1.776976800755866748e+01
3.148412261962890568e+01
2.755880364504727353e+01
2.703006369979293311e+01
2.727077049609051684e+01
2.060537189632267285e+01
2.302939384048049476e+01
2.071116909613976276e+01
2.328945402945241483e+01
2.723195878390608016e+01
3.377835095393193399e+01
3.074084992203975730e+01
2.270718881246206067e+01
3.079534170104236068e+01
3.332405325295268739e+01
3.199929279976702645e+01
3.643526743375338128e+01
2.126594820022582866e+01
3.455513005197784082e+01
1.944460711214277637e+01
3.219209523634476966e+01
2.557219998770897718e+01
2.144610542058944702e+01
2.210622676629670735e+01
2.508776450451509277e+01
1.922291534504991972e+01
2.445175214519415263e+01
2.259729513885281449e+01
1.986362690551608168e+01
2.554239676621159916e+01
2.901310002401973520e+01
2.779693364180051418e+01
2.801948030216177798e+01
2.354044529429653210e+01
2.296172921107365639e+01
2.166022996244759469e+01
2.516127516788506568e+01
2.227071785867362763e+01
2.274173123495919313e+01
2.075021984538093989e+01
2.757793999956799880e+01
2.659379383944725816e+01
2.593707284366383448e+01
2.750319518572018396e+01
1.996707756736061867e+01
2.352684658131700957e+01
2.515545828565419129e+01
3.061243324279785227e+01
3.387148720423380865e+01
3.053240749753754812e+01
3.307931191030174745e+01
3.406912619002321918e+01
3.555429858081745920e+01
3.023055799282974831e+01
2.725918400977268519e+01
3.196659280950373017e+01
2.563118013167223452e+01
2.656829552423386431e+01
2.735404639150582184e+01
3.204265783732967066e+01
3.613637074806707261e+01
3.269259953498840332e+01
2.878398173678237626e+01
3.213482553308660528e+01
2.833765396401901882e+01
2.315604992346329993e+01
2.505378677105081664e+01
2.865808407311300599e+01
2.551214663187662879e+01
2.708897668123245239e+01
3.026351048465066285e+01
3.563113085428873461e+01
3.500883090987187529e+01
3.022746083594315891e+01
3.219020539477355669e+01
2.938009329296293615e+01
3.012449125992624488e+01
3.025612408133114073e+01
2.875331083118406283e+01
3.072864502232249251e+01
2.978561499138839963e+01
3.043164291767158858e+01
2.998531024191114724e+01
2.820899295806884766e+01
3.195186060125177718e+01
3.093057650611514120e+01
2.946161703793507769e+01
3.339360457526312587e+01
2.975553294783788516e+01
2.097783674134148413e+01
2.483736937918314069e+01
3.072669716463744294e+01
2.473708857660708205e+01
2.204623445322815911e+01
3.431508793808897195e+01
2.835856881100907145e+01
1.943548304547545769e+01
2.517098685673304814e+01
2.289790936520225273e+01
3.078089912414550611e+01
3.191162531716483031e+01
3.038718755428607565e+01
2.233516031411977920e+01
2.666062284673301974e+01
1.829425828401432597e+01
1.661263824558857749e+01
2.135605587775103587e+01
2.560336827540743343e+01
2.079888723334487466e+01
2.127560632270679264e+01
3.169907311695378027e+01
2.728610311038252334e+01
2.179977756076388928e+01
2.729553378423054966e+01
2.679946998658218860e+01
2.255781254217253107e+01
2.725729686021804810e+01
2.305655617919264699e+01
3.099809625071863906e+01
2.976843025303688250e+01
3.140202358683107420e+01
2.523506801192824867e+01
2.852623417663574301e+01
3.060176458463563876e+01
2.778186514960394859e+01
1.909526716411443203e+01
2.720099198512541960e+01
2.865361474809192543e+01
2.398864472559256100e+01
2.440222327563227367e+01
3.021929243839148427e+01
3.595409091565974791e+01
2.789090827659324390e+01
2.684553466652924314e+01
2.815953281874297787e+01
2.931116262634517255e+01
2.863104318130848114e+01
2.980363404320888776e+01
2.403347210008270807e+01
2.444637487151405963e+01
3.063806039946419801e+01
2.705593939388499436e+01
2.334745729537237224e+01
2.683247906821114626e+01
2.747420621599469825e+01
2.588077408472696916e+01
2.879930102306863660e+01
2.797503409562287402e+01
3.326747110486030579e+01
2.834361737871926934e+01
2.926515242836692110e+01
3.401276701468008667e+01
2.435714450249304974e+01
2.420250046717656289e+01
2.876484169593224038e+01
3.162441060162972661e+01
2.898772541392933277e+01
2.947179520777029538e+01
2.590451926615700629e+01
2.881953555935031730e+01
2.871517851478175132e+01
2.894432350233489259e+01
2.732885634252267337e+01
3.123326686784333006e+01
1.976631680268507907e+01
3.134708467125892639e+01
2.880456036534802777e+01
2.902731412671875688e+01
2.250178658334832349e+01
3.137481241303730783e+01
2.729968901521552738e+01
2.673485133696014771e+01
2.599836147944132492e+01
3.028566366434097290e+01
2.507414985232882998e+01
2.420990634349774950e+01
2.872330814766484153e+01
2.781315128619854349e+01
2.843082354893194008e+01
2.304361120211023817e+01
2.065751742903804455e+01
3.778947268676758142e+01
2.787541559007432568e+01
2.706781730995522040e+01
2.722904823211852587e+01
2.529167465314473162e+01
2.621467670174532216e+01
2.432452737131426446e+01
2.408449668269003752e+01
2.430200267973400230e+01
3.248722611051617548e+01
3.442555678231375538e+01
2.809047444127186921e+01
3.186073248560835580e+01
2.874023687517320624e+01
3.182328470547993859e+01
3.743822446752477617e+01
2.824781125446535412e+01
3.756229247034123375e+01
2.549528727880338508e+01
3.836375577399071091e+01
3.285119804176124347e+01
2.347066741868069428e+01
2.676509954279119441e+01
3.117849379046699099e+01
2.235477485269459308e+01
2.832757583741218710e+01
2.497880020870524476e+01
2.279701674912504217e+01
3.104723275140159444e+01
2.778750654156698729e+01
2.530109894032381135e+01
2.538634966565416917e+01
2.246433494528945474e+01
2.464393668979793262e+01
2.671576536023939141e+01
2.448184044096204914e+01
2.204105116723427926e+01
2.270593592600944888e+01
2.231865053772926188e+01
2.447335031595122956e+01
2.624341644939436691e+01
2.581676995041024014e+01
2.781981063925701747e+01
1.832046123504638757e+01
2.468605592115870095e+01
2.777630471492159359e+01
2.151942478738180142e+01
2.576181602478027344e+01
2.949426613943917275e+01
2.406853326476446497e+01
2.459099627829886714e+01
3.040045688191398199e+01
2.991916673079780864e+01
2.894037235531348173e+01
2.693115091682376772e+01
2.757077371697676682e+01
2.881372025869425002e+01
2.562110070050772848e+01
3.048323822021484375e+01
3.162193264139109772e+01
3.030484886169433523e+01
3.018947959568189532e+01
3.218287842849205305e+01
2.897330328357536899e+01
2.357251691214645817e+01
2.861532783508300781e+01
2.535171493013998756e+01
2.994298105973463819e+01
3.063967960842406413e+01
3.182788184837058765e+01
3.673092402407997525e+01
3.055431614151920172e+01
2.977377696437689991e+01
3.054092740039436293e+01
3.187263322212326599e+01
2.808073141177495202e+01
3.244910774978936985e+01
3.433815635122903842e+01
2.834458587928251916e+01
2.815229182047386658e+01
2.522820650736490933e+01
3.087383213437060547e+01
3.009302549651174985e+01
2.912008008291554972e+01
2.876197102864583499e+01
2.778280227128849589e+01
2.849694805559904509e+01
2.481173738940008633e+01
1.984642969887211805e+01
2.062076671985017029e+01
2.671388299568839741e+01
2.582369740064753927e+01
2.547194693969176527e+01
3.440197988656851180e+01
2.999629731935875299e+01
1.581373650410453635e+01
3.300130837758381830e+01
2.048951999724857487e+01
2.858367240261024023e+01
2.682593737284342339e+01
2.376166192875351868e+01
2.556880298673797824e+01
2.642935886023179393e+01
1.981105671372524668e+01
1.710866556224032919e+01
2.134667998093825148e+01
2.260022275250657131e+01
2.436508735326620112e+01
2.181463545560836792e+01
3.015071225166320801e+01
2.690572987848790021e+01
2.110979717969894409e+01
2.467297206205480364e+01
2.770212859295784114e+01
2.351075770060221259e+01
3.077402834860694369e+01
2.304846042651308835e+01
2.875004548572358587e+01
2.987061302218817005e+01
2.740453274019303009e+01
2.432402617481950813e+01
2.851118575786722076e+01
2.858902160392320013e+01
2.521110636688942108e+01
2.148628402478767185e+01
2.923906136892892249e+01
2.052194490934673254e+01
3.252183371323805261e+01
2.604463143442191253e+01
3.109342872549634507e+01
3.121956433954927235e+01
2.898097837347733474e+01
2.904869484439972993e+01
2.821342683896694581e+01
3.276453033576851936e+01
2.694889143986790359e+01
2.876802689036684058e+01
3.132140244828893927e+01
2.366821862955008982e+01
2.790034481630486951e+01
2.568805779003706036e+01
2.405402615865071780e+01
2.549847010823039284e+01
2.636591848542418504e+01
2.763978823148287134e+01
2.663706349752035507e+01
3.604083619294343066e+01
3.980020374721951271e+01
2.674488329118297969e+01
2.820029375630040391e+01
2.525900066815889744e+01
2.412206520468501836e+01
2.299874655600705609e+01
2.983306689416208712e+01
3.699538455865322106e+01
3.184963958327834632e+01
3.591864231109619254e+01
2.677563095092773438e+01
3.008619311014811259e+01
2.930837326049804759e+01
2.793460501196550183e+01
3.000907078495731994e+01
3.005663272982738121e+01
2.193814307685912013e+01
2.470989164217250433e+01
2.158305024447506426e+01
