4.543312973178537817e+01
3.769440055220094621e+01
4.569322214628520840e+01
4.627233478441377201e+01
3.975403306887482557e+01
3.847976397147139238e+01
4.214494954323281917e+01
3.675834545503782635e+01
4.012403251568199636e+01
4.109642180897831309e+01
4.726457309722900391e+01
4.370825336162860708e+01
3.779289058660040013e+01
3.697476976403692817e+01
5.365153724670410185e+01
4.397387374531138704e+01
4.191243399160879335e+01
4.277622763526360927e+01
4.048897805152001439e+01
4.209579199713629549e+01
4.167789437220646676e+01
4.303477324208905941e+01
4.023799330612708758e+01
5.339182742230303802e+01
3.940047515681916224e+01
3.672741866240630060e+01
4.219849596953973503e+01
4.193237600464751580e+01
4.207793276360694534e+01
5.219989982018103802e+01
3.724874482048882385e+01
4.580907529666099975e+01
4.586157051722208422e+01
5.595330242677168542e+01
4.686904956222674201e+01
3.803908525194440671e+01
3.476198393137666898e+01
4.034005234172805388e+01
3.445844826799758209e+01
3.979609934203828203e+01
3.739993913799312963e+01
3.629361567777745989e+01
4.486830406001048743e+01
3.535018288687373911e+01
4.043301018384786971e+01
4.035287373336320371e+01
3.812136599892064481e+01
3.686213402381309834e+01
3.956278087352884398e+01
3.714873667782957511e+01
3.799696771521818306e+01
4.099755090454313944e+01
3.381116080987649042e+01
4.099342138117010137e+01
3.823738139544346382e+01
4.070121576645794903e+01
3.917450808301384058e+01
2.725983890186656566e+01
3.487511403509910934e+01
3.670359438614879366e+01
3.596462578243679786e+01
4.495786581039428853e+01
4.382351934498753820e+01
4.176056181782423948e+01
4.396600199760274563e+01
4.337179018416494358e+01
4.313256471720173124e+01
4.440545635381020873e+01
4.119234778664328900e+01
3.707957965017154578e+01
3.711154426522806205e+01
3.980507450477749387e+01
3.762232954121748918e+01
4.371185614222245164e+01
4.837304265975951978e+01
4.269376410425236656e+01
4.322448247129266719e+01
4.458950250799005488e+01
3.343587803840637207e+01
3.902424465924843844e+01
4.484005952112882909e+01
3.845538385259280290e+01
4.744170629978179932e+01
4.156501059017271160e+01
4.823719076126340610e+01
4.200399783130888665e+01
3.881745175494263833e+01
3.925901240872261155e+01
4.519050797962007238e+01
3.526377105712890625e+01
4.014423058453728288e+01
4.194194353543795017e+01
3.991047355169203570e+01
3.878128994212431024e+01
4.576180063112817464e+01
3.995423545837402202e+01
4.336588216382403971e+01
4.156829348477450026e+01
4.181029577103872441e+01
3.943636304927321845e+01
4.136827980324073906e+01
4.268829172553745366e+01
3.984205966525607323e+01
3.517829019499988163e+01
4.134157876749985405e+01
3.950205220050693100e+01
3.960768756060532780e+01
4.709738069525511861e+01
4.435039885431273632e+01
2.745752127452563229e+01
4.415609165978810324e+01
3.352944487019588848e+01
4.725020622253418168e+01
4.711186590648832606e+01
4.353867167692918372e+01
4.370091456877879921e+01
4.512659207439731546e+01
2.702662363717722371e+01
2.864833681838317503e+01
3.147992877387181920e+01
3.090449821085169546e+01
3.268863439754564126e+01
3.340815590975577720e+01
4.441884416487158660e+01
4.097612527487934386e+01
3.612433663120976490e+01
3.681336557070414273e+01
3.897946367031190107e+01
4.222127095898191840e+01
4.349699304654048149e+01
3.182844213093296659e+01
4.239500122685586092e+01
4.449678647017278621e+01
3.943792539151760934e+01
3.703366299577661636e+01
4.146455960083007852e+01
4.096143043434226882e+01
3.558010736253526574e+01
4.292149818799772021e+01
4.374220275878906250e+01
4.487695135389055423e+01
4.206471190341683553e+01
4.081699610080848828e+01
4.816086618828050803e+01
4.512125376544932465e+01
4.245092381371392065e+01
4.076302404823542958e+01
4.397314503372356143e+01
4.361038976942860756e+01
4.622432672367539652e+01
4.304829765695040322e+01
4.143117819027025206e+01
3.902261976762251550e+01
3.769198826381138190e+01
3.612051610385670131e+01
3.894148517790294761e+01
3.717253686943832491e+01
4.547238622392926999e+01
4.179916566212971674e+01
3.430090307152789819e+01
4.764840203744393676e+01
5.109984427690505981e+01
4.393043951004270298e+01
3.552445633628151711e+01
3.712203216552734375e+01
3.453953297932942945e+01
4.025742680685861075e+01
4.459727947528545400e+01
5.193315669073574981e+01
3.904169543873180004e+01
4.176661415987236836e+01
3.922182367808782999e+01
4.977008999835003777e+01
4.713526359357332041e+01
4.064391523249008742e+01
4.136642983902332560e+01
4.095203781127929688e+01
3.427649029951829363e+01
4.099806135892868042e+01
4.044973208986479563e+01
4.393739000875432055e+01
3.904221599980404278e+01
4.541391090455093860e+01
4.471057919456240626e+01
3.974464534132899729e+01
3.786227618535360051e+01
3.808766251802444458e+01
3.680201075047622794e+01
3.934407176320814159e+01
4.307486411579494501e+01
4.648853427761203960e+01
4.258716843507000505e+01
4.301420185841670474e+01
3.564647126301026248e+01
4.736150333404540902e+01
4.332913733588324590e+01
4.336127987423458308e+01
4.240148820705756805e+01
4.473419722465619941e+01
4.031686028768849894e+01
3.712573697490076796e+01
3.657141273252425862e+01
3.825725682576497633e+01
5.207183716513893756e+01
4.378721631731306019e+01
4.022879957952419261e+01
4.162757310634705732e+01
4.001519071733629573e+01
4.335595631599426270e+01
5.125215414541739278e+01
3.381481836426932830e+01
4.819123492620687443e+01
4.696364579549649676e+01
5.227074359325652608e+01
4.060836915712098971e+01
3.732267384780080732e+01
3.809985000436956426e+01
4.333284555314642006e+01
3.541244347083387112e+01
3.985896393560594220e+01
3.678624278268996051e+01
3.507370077350182669e+01
4.297020276716953902e+01
3.947201528959867289e+01
3.850128654557831709e+01
3.845631294745903261e+01
3.784092776629389476e+01
4.199157930349375079e+01
3.862891862199113291e+01
4.209706971910264883e+01
3.503405161421428460e+01
4.013922382012391665e+01
3.537175021171569966e+01
3.824513302492291444e+01
3.928648647322530962e+01
4.121801102467072297e+01
4.133098875957986706e+01
2.780923014322916842e+01
3.835067619467681510e+01
3.947936530735182004e+01
3.623499881930467836e+01
4.289019700957507553e+01
4.565590251377650333e+01
4.054068861857498973e+01
4.229594354371766940e+01
4.501416146950643338e+01
4.134822860201775541e+01
4.035105472229514589e+01
4.077263601202713517e+01
3.818956613038715631e+01
3.911344157839284463e+01
4.091921819266626414e+01
3.733339924282498146e+01
4.575994317942652145e+01
4.703203133477104814e+01
4.355845240717349043e+01
4.448454440325156156e+01
4.402713188200395678e+01
3.542399355731433275e+01
3.462901717897445764e+01
4.182489756533973946e+01
3.723754780109111806e+01
4.348684454227679197e+01
4.109162934228716324e+01
4.680751270494963023e+01
4.521319783835047446e+01
4.113463097492247300e+01
4.191389025474081365e+01
4.170646425703881732e+01
3.847001016139984131e+01
4.184534439386106186e+01
4.102621925167920836e+01
4.209526235677979145e+01
3.777142229472121215e+01
4.534480295817057538e+01
3.810699588921921332e+01
4.045064677614153936e+01
4.250349745639535115e+01
4.284479452062536353e+01
4.197283071473587057e+01
4.303183103644329321e+01
3.970461746741985110e+01
4.228664067106426927e+01
4.257692521359739857e+01
3.894514875826628497e+01
3.579746342814245708e+01
3.811176951296694426e+01
4.834511439005533617e+01
4.237070101443852366e+01
2.508652963977174721e+01
4.166025599161783788e+01
3.293982245430113664e+01
4.241536444005831896e+01
4.747384185791015909e+01
4.017906024844147339e+01
4.348022715909493741e+01
4.311388670723393091e+01
2.581810607466586660e+01
2.800827560199082811e+01
3.041129026046166217e+01
2.924684847207894123e+01
3.242148826672480766e+01
3.410526768366495531e+01
4.777948383490244311e+01
3.796686156191418604e+01
3.487172976561954840e+01
3.517390423943014355e+01
3.448647745619428662e+01
3.992520088922410082e+01
4.576507525412451827e+01
3.221602272873289508e+01
4.027338631039574324e+01
4.086938356720240506e+01
3.958623311169258585e+01
3.713709681940535745e+01
3.676659056564857053e+01
4.223059901718265507e+01
4.042733538428018392e+01
4.297218379267939525e+01
4.205885080190805070e+01
4.113839589169150912e+01
3.431663108238807069e+01
3.856946324367149259e+01
4.765624928255693504e+01
4.559700495926374941e+01
4.206800043206465745e+01
4.104444624377835282e+01
4.056746360838568677e+01
4.547999173466060796e+01
4.785269294556635344e+01
4.429905883204993700e+01
3.031245122057326213e+01
4.077147056782140311e+01
3.879205283472093413e+01
3.696830805794137120e+01
3.927828521728515909e+01
4.129822733495142728e+01
4.518296007566814154e+01
4.003221717247595990e+01
3.492851657178028546e+01
3.737536025341645995e+01
4.659478865729438013e+01
4.225178543213875315e+01
3.700569608134608046e+01
4.179500917287973039e+01
2.876387274467338884e+01
3.678338781017467340e+01
4.429860468833677345e+01
5.050957398536877463e+01
4.374750794591130187e+01
4.159611415863037109e+01
3.923792483314635149e+01
4.903242284138997320e+01
5.107707896513097268e+01
3.935731861298096845e+01
3.707278842690550391e+01
4.314472964552582113e+01
3.239452222388560187e+01
4.555919382891317326e+01
3.597008550983585451e+01
