2.250779339782310728e+01
2.450192017751197326e+01
2.566393330222681968e+01
2.230474441848779676e+01
1.962753119030055515e+01
1.813370828285111713e+01
1.469395347517363959e+01
2.170452395383450650e+01
2.423462759077756701e+01
1.983846883212818923e+01
3.276103515095181251e+01
2.655102866246150128e+01
2.107070536329256782e+01
2.416112013902709421e+01
2.985116426086425889e+01
2.232938528060913086e+01
2.274200621710883397e+01
2.303312547948976174e+01
2.331154880275974151e+01
1.961851125150113617e+01
1.868322409116304783e+01
1.998706208505938164e+01
2.451549007152689086e+01
2.670963713410612783e+01
2.219151612732308010e+01
2.307546523841651620e+01
2.402232413175629233e+01
2.441740906756857044e+01
2.456442548873576825e+01
2.732782111534705649e+01
2.471960669623480911e+01
2.815347424259892151e+01
2.719176422225104517e+01
3.134560634873130169e+01
2.635891909118092258e+01
2.279980857031685915e+01
2.330537091999153887e+01
2.439584936919035840e+01
1.989723873138427734e+01
2.375056478047050135e+01
2.170374116829946587e+01
1.958138876335293688e+01
2.463286024009065756e+01
2.164566705467995789e+01
2.047555407193990717e+01
2.151098331962663934e+01
2.024349799351385570e+01
2.094039776141826792e+01
2.185351462199770012e+01
2.165515485799537387e+01
2.233478360877667157e+01
2.263173682515214225e+01
2.033475803938068438e+01
2.314839376722063236e+01
2.129664217778878665e+01
2.480899743472828689e+01
2.152339071108971069e+01
1.550145884427157306e+01
1.929565126337903536e+01
2.250592521283266478e+01
1.813345303005642251e+01
2.373242387771606587e+01
2.697007156240529113e+01
2.079948534146704020e+01
2.212237082136438104e+01
2.642599490903458559e+01
2.748400920120315760e+01
2.311008442334892266e+01
2.377150777643377211e+01
2.233394958799248542e+01
2.282576027695013465e+01
2.420982167611714431e+01
2.530893301314416988e+01
2.632216147553148744e+01
2.416106532096862836e+01
2.516300008993233206e+01
2.650991909070448571e+01
2.566474181561430612e+01
2.454142902114174518e+01
2.659533614673833668e+01
2.704048208588535473e+01
2.635651009037809445e+01
2.661465464532375336e+01
2.689082924748810299e+01
2.943038221389528175e+01
2.565712023674325692e+01
2.256502870218643153e+01
2.412379127158258285e+01
2.541863448733375108e+01
2.319387024327328461e+01
2.535359267066506916e+01
2.531161596836187755e+01
2.287810013933879461e+01
2.142246885059260464e+01
2.082548228177157412e+01
2.202889389461941150e+01
2.581907035029211883e+01
2.113227941339666316e+01
2.262805290827675364e+01
1.890463543837925187e+01
2.153225419786241446e+01
1.725832162681200899e+01
1.904795026779174805e+01
1.713965963503209622e+01
1.718281943925464361e+01
2.212661485494293956e+01
1.981526267360633398e+01
2.585468919815555822e+01
2.491305597419412621e+01
1.701933674145770325e+01
2.552224725390237481e+01
1.872797216867145664e+01
2.250800746917724737e+01
2.216053102129981767e+01
1.982916089204641352e+01
2.342472146841195979e+01
2.313645118417091595e+01
1.785969622190608419e+01
1.589900742536820744e+01
1.548475557744758824e+01
1.651738219330276181e+01
1.836933871677943486e+01
1.641845768376400727e+01
2.431091021328437662e+01
2.086336471723473451e+01
1.805977454008879590e+01
1.606041407982508318e+01
1.965231255011829958e+01
2.200017848565950018e+01
2.429337442838228611e+01
1.671597833724683468e+01
2.205168048797115077e+01
2.236075223393800826e+01
2.274380835054420302e+01
1.875061637324255770e+01
2.069549471282958919e+01
2.226944607954758837e+01
2.081255634731716597e+01
2.112042350136772839e+01
2.224562312395144659e+01
2.125735961823236408e+01
2.653166522536166738e+01
2.127047235138562087e+01
2.396885364224212367e+01
2.663013580362632737e+01
2.268383624818589794e+01
2.016228429926266585e+01
2.156365987306000065e+01
2.543950088740800197e+01
2.606281098210534353e+01
2.706292919721759560e+01
2.235737395773128711e+01
1.622678479281338682e+01
1.433694488661629762e+01
1.710222578048706055e+01
2.152050486065092372e+01
2.435473292214529906e+01
2.159026639120919455e+01
2.250332110722859724e+01
1.073557536498359966e+01
2.568077935112847143e+01
2.952253448963165283e+01
1.921041755827646469e+01
1.940400173880837187e+01
1.961641573022913221e+01
2.126432961684006884e+01
2.086127098504599076e+01
1.962971260364238901e+01
2.312254727405050403e+01
2.282524525035511331e+01
2.394181069662404582e+01
2.024650064155236961e+01
2.370716176714216061e+01
2.580531780343306636e+01
2.163089970046398847e+01
2.004654551661291961e+01
2.303004509794945776e+01
1.657567256047175519e+01
2.286446580290794373e+01
2.048706418070299762e+01
2.532748180908048141e+01
1.868021581047459634e+01
2.074506499127643977e+01
2.341090934169470827e+01
2.070647972392761105e+01
2.076869286855061958e+01
1.882024642825126648e+01
1.936499464835649675e+01
2.235646848147818488e+01
2.238772292110506967e+01
2.815733111035692815e+01
2.261028714046300081e+01
2.181221126374744301e+01
2.185382703888467759e+01
2.936984581756591695e+01
2.094618475172254790e+01
2.039487907478401141e+01
1.906696515454503427e+01
2.461781130751518276e+01
2.140715443810751140e+01
2.201048463390719334e+01
2.025835655581566641e+01
1.856505026136125736e+01
2.371252224662087116e+01
2.233080000741141191e+01
2.205806847580340602e+01
2.340837786837321843e+01
2.230476916802896170e+01
2.192849600315093994e+01
2.874995614510995523e+01
2.471497002187764735e+01
2.457800880364612084e+01
2.702498389453422689e+01
2.868701407249937674e+01
2.518369788092535799e+01
1.912204327081379063e+01
1.681425069895657742e+01
1.933208487911295137e+01
1.804047851756139309e+01
1.938817502221753486e+01
1.805133190883952210e+01
1.880748206269955247e+01
2.093999159027257662e+01
2.369250217236970713e+01
1.995660902529346714e+01
2.208085027917638854e+01
1.984122732707432490e+01
2.425709682315974902e+01
2.071719501254794693e+01
2.173252773814731142e+01
1.872145089684222796e+01
1.947083640098571777e+01
1.948394747972488261e+01
2.213318196307407248e+01
2.175610186353491926e+01
1.905933670304779426e+01
1.950942522546519342e+01
1.320626773834228551e+01
1.797062258450490191e+01
1.653775096976238856e+01
1.561860056621272363e+01
2.119459639138322515e+01
2.180742343357631086e+01
2.167316295132778592e+01
2.518259437664135092e+01
2.890848681965812261e+01
2.167918590416654823e+01
2.519716386515725048e+01
2.034456711245658767e+01
2.328255950526187235e+01
2.501904883893948295e+01
2.245810846555031048e+01
2.519237023812753051e+01
2.311769403918036048e+01
1.993200143178303918e+01
1.975947578264319304e+01
2.206907884553931254e+01
2.208094556250046381e+01
2.265498368951338648e+01
2.854145679776630828e+01
2.003373521790468459e+01
2.231812541912763592e+01
2.215754062167847493e+01
2.444346324308418872e+01
2.434953067177220376e+01
2.538512101230851314e+01
2.214425822250715825e+01
2.344095056884142991e+01
2.215028948179433144e+01
2.332268474499384681e+01
2.268423168955285618e+01
2.801294319804121713e+01
2.330236720496958114e+01
2.076358352295340026e+01
2.505946118672688883e+01
2.580084852483068758e+01
2.576316579182942590e+01
2.537376117706298828e+01
2.236331645824290959e+01
2.114670655450155579e+01
2.398552496536918355e+01
2.243820326355681871e+01
1.507904265061864280e+01
2.027692667776797109e+01
2.262385132001793764e+01
1.722291535554930064e+01
1.586436546600616815e+01
2.807973504677796939e+01
2.180051049562258214e+01
1.327905033808674240e+01
2.520088926951090613e+01
1.778366352262951011e+01
2.280903480422328755e+01
2.718551600138346203e+01
2.262489423086476847e+01
1.810849760974626932e+01
2.143182847827592497e+01
1.402086152586826096e+01
1.420153033239601648e+01
1.649979639511841967e+01
2.041575112020162663e+01
1.555555962599240871e+01
1.668026224772135535e+01
2.342106908559799194e+01
1.964446653912414931e+01
1.699283843381064329e+01
1.737430133819579936e+01
1.733752182189454416e+01
1.839601962679908453e+01
2.398877982588003732e+01
1.541186338862734040e+01
2.136691256931849736e+01
2.093924770524016665e+01
2.057446669164951558e+01
1.807459626182580692e+01
1.935241108598380322e+01
1.914755209615407949e+01
2.238272681347159576e+01
2.028738260108613645e+01
2.030117313678448099e+01
1.737179140793649879e+01
2.453857904580923233e+01
2.012666355083191405e+01
2.499789092737600171e+01
2.336703560032795224e+01
2.437065411617881239e+01
1.974224638785085517e+01
2.114265293240858412e+01
2.604784289641491668e+01
2.160677536982123925e+01
2.355976072795083098e+01
2.174406696887726653e+01
1.968098121406757883e+01
1.882909089427883487e+01
1.910233722749303453e+01
2.229600685967339402e+01
2.136801310947963017e+01
2.226113490816912943e+01
1.955747082050029917e+01
1.457169069726783128e+01
2.089545238165207763e+01
2.860750725534227001e+01
2.204996579693209569e+01
1.900148334810810624e+01
2.101236655161930855e+01
1.886369442535659147e+01
1.613865388975553117e+01
2.227444701810036776e+01
2.511090896068475331e+01
2.324517021952448559e+01
2.461183813095092887e+01
1.814903690701439132e+01
1.866976955413818473e+01
2.549347336713005419e+01
1.955158193863649529e+01
1.750122840316207373e+01
2.144650315456702927e+01
1.249355165226253028e+01
2.014834907111220375e+01
1.594412874195673702e+01
