2.866123611574138508e+01
2.660225977962964095e+01
2.879075532210500654e+01
2.979908111831097983e+01
2.712827577223056252e+01
2.616716503238413694e+01
2.778530840971032134e+01
2.432358243212512505e+01
2.814969299063865193e+01
2.436648017284916889e+01
3.024781322479248047e+01
3.336225261688232280e+01
2.810977745056152344e+01
2.457431836602811970e+01
3.291160853576660372e+01
2.938721184297041589e+01
2.811971784521032092e+01
2.787667942678691446e+01
2.332517326652229528e+01
2.239286288699588212e+01
2.512644786101121142e+01
2.612685554258284881e+01
2.777427660185715297e+01
3.454574661750297793e+01
3.161010631023009054e+01
3.005835067130423965e+01
3.124141080205033560e+01
2.605117026619289078e+01
3.138248676949358895e+01
3.801841904566838082e+01
2.689180785285102004e+01
3.205823486233934716e+01
3.580818687544928736e+01
3.798954586549238854e+01
3.069291755256302778e+01
2.579091835021972656e+01
2.056843380154115408e+01
2.060587464242314937e+01
2.660583295213415411e+01
2.653376087479527357e+01
2.630135667408611866e+01
2.787244967853321853e+01
2.956492729374927819e+01
3.011024362585517622e+01
2.542935210007887648e+01
2.838961823453608346e+01
2.759651909097593503e+01
2.994943178617037205e+01
2.739542747366017394e+01
3.329358111687426458e+01
2.708257616666189804e+01
2.846590082321433002e+01
2.250533488539398519e+01
2.978865310123988408e+01
3.043098117029944305e+01
2.879902738683363950e+01
2.508021408834575183e+01
1.929917224537242504e+01
2.548797412628823267e+01
2.930931837781727722e+01
3.133096497853597029e+01
3.187962114016215054e+01
3.188601688955021984e+01
3.397282344163065915e+01
3.436046596283608068e+01
3.668057956335679393e+01
2.963114780636887957e+01
2.825646097009832047e+01
2.991712893399325424e+01
2.845795863827332894e+01
2.838515515230139741e+01
2.804604436836990544e+01
3.641951671555812453e+01
3.773304140653541339e+01
3.159194009780883761e+01
2.763654778910949261e+01
3.217697469754652673e+01
3.156250754269686709e+01
2.652772305228493366e+01
2.770414869812713121e+01
2.901216584733388970e+01
3.001203754113155497e+01
3.407080429792404175e+01
3.121496597254220262e+01
3.612826710655575368e+01
3.002687211340286311e+01
2.943642473536611348e+01
3.185051847759045884e+01
2.970522664388020928e+01
2.800805146066765872e+01
2.864274916929357317e+01
3.209696145342965679e+01
3.174911449013686848e+01
2.764203703102945298e+01
3.548134395329638835e+01
2.984998831219143511e+01
2.888784204527389221e+01
2.954423318342729132e+01
3.091398482852511975e+01
2.786199097363454058e+01
2.921527920475712392e+01
2.843658832793540014e+01
2.458869054582383740e+01
2.585406540661323405e+01
2.962005326948093042e+01
2.629500078710709943e+01
2.550245755155321703e+01
3.314430163862518697e+01
2.943245069389669410e+01
1.804838107734598296e+01
2.722488981579977363e+01
2.261285350197239907e+01
3.031005336761474567e+01
3.256727602368309249e+01
2.959413141470689013e+01
2.906334335131522906e+01
3.206941400299566425e+01
1.860996819651404266e+01
1.850773990079292020e+01
2.316674852166564591e+01
2.072192630214967579e+01
2.422651054615877086e+01
2.467647264714826605e+01
3.064906958835880957e+01
2.533255691804747656e+01
2.228152112607602575e+01
2.664586194356282434e+01
2.451225088476165581e+01
2.761387068782020293e+01
3.017918464770684039e+01
2.378313819301185461e+01
2.955910813423895078e+01
2.927562044448211509e+01
2.928583161727241801e+01
2.672020271017744619e+01
2.986494180297851386e+01
3.025374518383990363e+01
2.467430675082736613e+01
2.485610304352987043e+01
2.954453721413245404e+01
3.164122231801350793e+01
2.527311126945554776e+01
2.534444179664663821e+01
3.380349438599866119e+01
3.424336129647713989e+01
2.340439934200710681e+01
2.740305940160211406e+01
2.928556197176697395e+01
3.267684885935605621e+01
2.827053378349126689e+01
3.006826208771252240e+01
3.073856369329958582e+01
3.071663143418052044e+01
3.002446593557085208e+01
2.646959276760325608e+01
2.584492833273751344e+01
2.379666087092185478e+01
2.262006097521100756e+01
2.301438515981038435e+01
2.738255923727284369e+01
2.947568579073305628e+01
3.330641648173332214e+01
2.888480531601678791e+01
2.791648608121004926e+01
3.200878249274359888e+01
2.460337484799898533e+01
2.697886431062376289e+01
3.020289441622220394e+01
2.910833538442418345e+01
2.961035490902987277e+01
3.269551624623380093e+01
2.665821829838539259e+01
3.183699524009620774e+01
2.860935032995123706e+01
2.785626518025117804e+01
2.399080467224121094e+01
3.089783141192268090e+01
2.173895741242628787e+01
2.975100536644458771e+01
2.662084789933829398e+01
2.871251186118798415e+01
2.772758019597906909e+01
3.422485891202600783e+01
2.954452009407335566e+01
2.611848885593909131e+01
2.143686994870503781e+01
1.918159414827823639e+01
2.441305006874932104e+01
2.563417538791841466e+01
2.844701550659520706e+01
3.194870699368990330e+01
2.893569666425758413e+01
2.975485385194116716e+01
2.768902521009568929e+01
2.821589733123779453e+01
2.889517801072862468e+01
2.379316331674386831e+01
2.600317345122377333e+01
2.503366295278888742e+01
2.287465556832247060e+01
2.794653830989714649e+01
2.853552796763758437e+01
2.819316491626558019e+01
3.364172536676580449e+01
3.056393463134765653e+01
2.754585700475869103e+01
3.174209042293269434e+01
2.892056420042707998e+01
2.752523992458979407e+01
3.694611765543619697e+01
2.632028267518529319e+01
3.415660189738315466e+01
3.791058477541295701e+01
4.158049741704413549e+01
3.734205813021273457e+01
2.465741920471191406e+01
2.733710072257301960e+01
3.047021358872878238e+01
2.369163098795159783e+01
2.977258093126358673e+01
2.729903485972410593e+01
2.573329412723015963e+01
2.972216076430879284e+01
2.844315611004259026e+01
2.477429909608801850e+01
2.649648369132698278e+01
2.618653999056135007e+01
2.497060825298358822e+01
2.572187342944446087e+01
2.638082498974270251e+01
2.524144534423985675e+01
2.654412581370426949e+01
2.123284938931465149e+01
2.828899257102709086e+01
2.923179454165320479e+01
2.670030386835081870e+01
2.596265079664147279e+01
1.867524658203124943e+01
2.439592429826844366e+01
2.378609405738719929e+01
2.474552812808897428e+01
2.674985817389759646e+01
2.910403536115373768e+01
2.161423041088746189e+01
2.564675524428083975e+01
3.260661625471271208e+01
2.841863237832479427e+01
3.038985111124844707e+01
2.615916955560669876e+01
2.768829379834626891e+01
3.242901770582476928e+01
2.525305364091517646e+01
3.197866391939390951e+01
3.347814213982943699e+01
2.824378094143337847e+01
2.404137385824452267e+01
2.940041449974323129e+01
2.973658631328394364e+01
2.835008464282072183e+01
2.870885246519058498e+01
2.772254579587090362e+01
3.019436661402384559e+01
3.168387536317603903e+01
2.924736010390544649e+01
3.155337084720009244e+01
3.028065695245581779e+01
2.852120029653301714e+01
3.015328430642886914e+01
3.069121761053380837e+01
2.654981720447540283e+01
3.148729921478071958e+01
3.362337433419576627e+01
2.835298157280141496e+01
2.468332230554868190e+01
3.253501220703125085e+01
2.733215295459668681e+01
3.297453441041888311e+01
3.170963952707689870e+01
2.947840375547055913e+01
2.737762121156204742e+01
2.401425402060798930e+01
1.969875004647792238e+01
2.439418213322477413e+01
2.069477616237993089e+01
2.235443713354027651e+01
2.579453971774078980e+01
2.417019907633463660e+01
3.445995563115828730e+01
3.029607213100540264e+01
1.787440696464577172e+01
3.029748168945312514e+01
2.116011970762222560e+01
3.151136981265645787e+01
3.096102266947428561e+01
2.556104620112929382e+01
2.737947979862826031e+01
2.898016555868390398e+01
2.038978118674699758e+01
2.042114657904269492e+01
2.235585875694568259e+01
1.650016449089337200e+01
2.301807989829625711e+01
2.446617547671000281e+01
3.196141523122787476e+01
2.667673836521167985e+01
2.221961471012660283e+01
2.085109965380500441e+01
2.488940481429404272e+01
2.584815462203252778e+01
3.113430690133808554e+01
2.388543405030902989e+01
2.798990411304292181e+01
2.814159438884363595e+01
2.412458595622824831e+01
1.969836274732035264e+01
2.299125499067635303e+01
2.898634704085420921e+01
2.266976423041765187e+01
2.622921797241827591e+01
2.716297064294348118e+01
2.956288371839021423e+01
2.395148269946758646e+01
2.913240547429502314e+01
2.958932559862049416e+01
3.385023251759637475e+01
2.368741987128006699e+01
2.763366796432002914e+01
2.671727231775189182e+01
3.186836649657814391e+01
3.176848067529005348e+01
3.362770770497299111e+01
3.142121124267578125e+01
2.591276140128616845e+01
2.004746841172040561e+01
2.274669171943039103e+01
2.729147580464681155e+01
2.491240090209168301e+01
2.705918843233132520e+01
2.612687950134277415e+01
1.743105554006185898e+01
3.578146576587064942e+01
3.774032311969332909e+01
2.626235969604984533e+01
2.726979215683475744e+01
3.025610314882718654e+01
1.978477945166119056e+01
2.361229433165006242e+01
2.542503046220348750e+01
3.456925541315323613e+01
3.259070344873376968e+01
3.108710224151611357e+01
2.470269757225399943e+01
3.256441533406575672e+01
3.186852789486155757e+01
2.737023920681387423e+01
2.781319658255871374e+01
2.957741951551593829e+01
2.135843386612539163e+01
2.578186362559400990e+01
2.419082139942743837e+01
