2.589011382941878381e+01
1.936548016169299657e+01
2.365068482516104709e+01
2.702281476761875112e+01
2.467180975962109812e+01
2.585821120560664710e+01
2.888877794693927470e+01
2.012865014695723431e+01
2.267996524518375168e+01
2.149971893410277346e+01
2.112649648719363782e+01
2.702272795163668206e+01
1.977309747405399420e+01
2.282980836172239592e+01
3.285760479736327966e+01
2.226108347285877542e+01
2.561438908047146157e+01
2.410469715800506307e+01
1.940733778321897773e+01
3.123738268259409168e+01
2.697406963201669683e+01
2.174375287948116053e+01
2.054307878428491918e+01
2.863413228617086048e+01
2.173666099244100280e+01
2.377187640215899478e+01
2.756476451129448080e+01
2.456573888529901950e+01
2.621631599994416106e+01
3.159572750971867450e+01
2.881369359334309976e+01
3.147129094159161511e+01
2.944770497745937732e+01
3.302916008775884649e+01
2.693210904532616468e+01
2.208861889157976321e+01
2.296930655634216123e+01
2.312871180247867997e+01
1.899582513342512513e+01
2.605130255489606128e+01
2.159204776574533824e+01
2.040457450642305304e+01
2.347838555885653022e+01
1.961819060464923226e+01
2.086638315824361811e+01
2.691175663348325742e+01
2.215314279522812058e+01
2.037375728900616068e+01
2.178555070942845973e+01
2.721592611636755521e+01
2.313772386565172923e+01
2.214021373708904505e+01
1.835480166575947791e+01
2.385525110170438623e+01
2.062367520591085324e+01
2.255952695958754717e+01
2.092514859894175672e+01
1.553551873293790031e+01
1.905814793769349436e+01
2.277603556955461173e+01
2.613802288903130489e+01
2.470769629478454732e+01
2.590678599785114145e+01
2.772534466753102222e+01
2.805694787045742444e+01
2.648831752561173403e+01
2.371912446333535485e+01
1.963727203085402806e+01
2.613442349520596508e+01
2.387443963107683942e+01
2.474430002485002689e+01
2.277551727045595342e+01
2.895948847907990498e+01
2.379110617603329558e+01
2.629871006965637292e+01
2.369147548844329165e+01
2.017929568073966351e+01
2.166949099942672419e+01
2.483540797233581543e+01
2.351256691724404391e+01
1.645524254585932766e+01
1.729662381777973224e+01
2.375135745853185654e+01
2.388533356715815614e+01
2.354163368164546810e+01
2.139474304070633437e+01
2.307344038754898818e+01
2.530423720797201881e+01
2.025249564761207210e+01
2.135611640528628641e+01
2.325434955148135785e+01
2.627879620413494877e+01
2.549097048945543165e+01
2.389105721481707789e+01
2.193389680650498974e+01
1.919879827764299307e+01
2.572312638925951589e+01
2.250890492525967801e+01
1.893362223912799180e+01
2.028933430617710343e+01
2.184571252045807910e+01
1.758981414551430689e+01
2.165043777889675525e+01
1.562903080916986198e+01
2.131181496336260039e+01
2.136993063458744757e+01
2.163057098925953170e+01
2.480818410952519670e+01
2.243914054805397029e+01
1.586776327830489031e+01
2.120253699166434203e+01
1.737241599434300454e+01
2.470181877136230497e+01
2.169701955431983720e+01
1.941352177583254246e+01
2.056480880150428092e+01
2.069361220054256023e+01
1.872364960160366465e+01
1.704847449176716268e+01
2.026856699931263250e+01
2.153848179526951157e+01
1.960411588707748720e+01
1.910586062648840056e+01
2.426388064826407032e+01
2.123148896037668365e+01
2.024091607552987426e+01
2.397758989334106516e+01
2.128360619583750335e+01
2.063891903479494516e+01
2.281795986799093257e+01
1.995993458825435241e+01
2.314790421147500155e+01
2.160172725324871124e+01
2.196168815854038669e+01
2.317745044424727041e+01
2.298148945617675665e+01
2.306546768775353229e+01
2.008306190490722543e+01
2.474895130600059900e+01
2.594896009640816104e+01
1.939457293919154424e+01
2.789161936442057410e+01
2.404146851001142693e+01
2.697391350100738805e+01
2.264120064589081593e+01
2.282678867269445178e+01
2.088828763421976475e+01
1.843651242409983126e+01
2.662693988597697370e+01
2.200356517614320140e+01
2.601484750841484583e+01
2.293557326647700023e+01
2.465233577381480856e+01
2.895125811440604124e+01
2.136519678901223429e+01
2.449156715756370772e+01
2.059760607505331365e+01
2.685951889583042629e+01
2.474903249740600586e+01
2.598939244643501567e+01
2.763758133075855383e+01
3.139108872413635254e+01
2.699519753834557889e+01
2.479440085671164695e+01
2.824538040161132812e+01
2.043183524792010886e+01
2.174620889688467074e+01
2.051344396151029059e+01
2.597975520811219141e+01
2.265802277651700081e+01
2.121226399443870392e+01
2.359051331477378710e+01
2.621149953905042551e+01
2.052082598836798510e+01
2.233512681138281764e+01
2.119300137009731699e+01
1.936461089639102795e+01
1.816905945264376143e+01
2.398349988460540771e+01
2.203485544796647844e+01
2.589402366138928357e+01
2.534527351981715171e+01
2.302166003715701237e+01
2.617717378270407735e+01
2.578008420323088856e+01
2.631237177530924498e+01
2.945209109783172607e+01
2.293697128060423296e+01
2.455442898063728308e+01
2.751644404107631914e+01
2.418154383229685322e+01
2.599333709645494039e+01
2.294708414142634467e+01
2.015938735730720310e+01
3.171958956146240283e+01
2.226191851298014157e+01
2.405482874689875317e+01
2.739263700154013392e+01
2.612987633274025967e+01
2.798905266162961070e+01
2.466010179827290116e+01
2.526503070708244181e+01
2.481304904392787236e+01
3.260935335448294126e+01
2.652894320896693614e+01
2.339849321381384684e+01
2.402574365894968977e+01
2.874200954952755538e+01
2.930158549547195435e+01
3.108483153449164504e+01
2.948112643439814562e+01
3.030465666171723882e+01
2.995094336532964974e+01
3.065819943204839149e+01
2.589638711740304799e+01
2.148357519350553702e+01
2.284239992661909469e+01
2.199869129294356540e+01
2.102644774635431091e+01
2.242850755107018301e+01
1.945288243870826150e+01
2.032176772705809142e+01
2.129230680119805896e+01
2.203434304415324263e+01
2.184172323771885615e+01
2.751870128086634892e+01
2.279735430892633019e+01
2.553381431876838903e+01
2.362009947149603306e+01
2.644054954316881023e+01
2.346442705100204762e+01
2.378759551048278809e+01
2.148620842695236277e+01
2.394948475012618516e+01
2.118533739990461129e+01
2.511263765840448769e+01
1.926006905928901958e+01
1.420456110636393277e+01
1.896784588076033629e+01
1.806600814625836904e+01
2.035158541144394206e+01
2.175815946687527713e+01
2.166539295741489823e+01
1.950549340956282052e+01
2.222392422444111659e+01
3.113325878831206950e+01
2.447978360641405615e+01
2.437983638970921874e+01
2.201541534223054697e+01
2.369748614461798297e+01
2.693239430547917834e+01
2.690109327283956375e+01
2.932268785547327283e+01
2.899788949900660029e+01
2.610947305184823364e+01
2.376459771861200920e+01
2.555721030838187957e+01
2.640412305244474922e+01
3.217745158038562181e+01
3.131719658866761336e+01
2.391068547471125427e+01
2.814262039233476642e+01
2.699785341083673984e+01
2.860081515685030595e+01
2.944797951547722903e+01
2.772236353709515910e+01
2.665992560641456066e+01
2.748245354087985248e+01
2.331317178967972836e+01
2.160914553205172339e+01
2.700595631318933698e+01
3.017484157841380110e+01
2.528150000355460492e+01
2.493247716720789953e+01
2.383630121866861984e+01
2.203144420635032219e+01
2.299015838931305211e+01
2.576298287857410685e+01
2.542089114718967124e+01
2.349203256562698883e+01
2.770108075763868172e+01
2.231615209031378910e+01
2.054115021903559679e+01
2.174810202382191804e+01
2.800314784049987793e+01
2.339110327875891571e+01
2.403924723788424700e+01
2.951830036212236408e+01
2.709954113826573519e+01
1.546545369007865744e+01
2.893000722249349010e+01
1.987988148038349578e+01
2.989762480829802982e+01
2.487352821350097543e+01
2.187702824348627217e+01
2.304022518217254856e+01
2.449414764774456188e+01
1.951707558299219869e+01
1.925495370040983900e+01
2.282700981543614205e+01
2.124594467564633149e+01
2.060213788350423059e+01
2.369959342479705811e+01
2.840443029006322107e+01
2.513390949383452977e+01
2.141856326375688724e+01
2.368044893601361522e+01
2.484011345721305730e+01
2.473845557258242778e+01
3.021119353944892083e+01
2.233809059088309823e+01
2.659242782592773580e+01
2.457021680342412751e+01
2.532393960029848046e+01
2.550227125003315010e+01
2.734518829871868206e+01
2.578864898366376224e+01
2.406019065546434987e+01
2.689040555857648584e+01
2.674595231276292040e+01
2.238742770144813932e+01
2.342603586637056878e+01
2.514022201338624640e+01
2.870367044921314914e+01
2.647481283207529756e+01
2.631381717481111338e+01
2.524748015865202788e+01
2.392704932807942342e+01
2.903186446187855552e+01
2.478547270291679894e+01
3.008980606845691597e+01
2.333533043557024911e+01
2.582752425269742957e+01
2.923262010994604054e+01
2.382847979811371175e+01
2.492647162543402928e+01
2.678905122930353500e+01
2.695179287391372824e+01
2.701326848543607184e+01
2.677381830330354617e+01
2.473829537850838989e+01
2.920014384057786572e+01
2.677527901434129376e+01
2.487392720868510665e+01
2.278676847311166753e+01
1.950466719320264986e+01
2.089145202285672909e+01
2.701358925911688047e+01
2.791920573894794089e+01
2.859841886726585614e+01
2.710260822296142535e+01
2.186685090594821546e+01
2.898681566874186188e+01
3.166656628776999227e+01
2.399803037694431396e+01
2.915309986067406811e+01
2.515519278166723893e+01
1.974326132226178032e+01
2.061447918508935118e+01
2.004921867422861581e+01
