2.916029395896461907e+01
2.597783801980214591e+01
2.856260219373201181e+01
2.832574869627328695e+01
2.881046071038401735e+01
3.053069587559581066e+01
2.814511112290985650e+01
2.856289733777597561e+01
3.046379539609370823e+01
3.563887521332385688e+01
3.727257651752896095e+01
3.596533624208890245e+01
2.704640786379378525e+01
2.610644417351456070e+01
3.813837637329101682e+01
2.907093802365389834e+01
2.872435339468496807e+01
2.785393951112860833e+01
2.556833376203264407e+01
3.295604963560361966e+01
2.942716682874239353e+01
2.829794772978751993e+01
2.778878563848035199e+01
2.852220210781345244e+01
2.659989653043220414e+01
3.530836954890070700e+01
3.199710099290057030e+01
2.913031268465346102e+01
3.134513654100134161e+01
3.861933849041278677e+01
3.344279028998480641e+01
3.396423240944191235e+01
3.551981984244452661e+01
3.804584702578458177e+01
3.538385452480491011e+01
3.041525071007864867e+01
2.765597347439271658e+01
2.655583530787087199e+01
2.938641872811824740e+01
3.226479770677506309e+01
2.629354525626973782e+01
3.064406353819603979e+01
3.404293888073249263e+01
3.318991079223290086e+01
3.028124023400820164e+01
2.865499923155479678e+01
3.069710488347282151e+01
3.111019441164456723e+01
2.826884966883165973e+01
2.935469544608637804e+01
3.075900509708242936e+01
2.898061023605825071e+01
2.506271537405545757e+01
3.008237033695369433e+01
3.087368798071099718e+01
2.965947700949276111e+01
2.792886270122763648e+01
2.136803179654208051e+01
2.575212415735772353e+01
2.699776579493241258e+01
2.918686082628038037e+01
3.371450765927632887e+01
3.376025272237843211e+01
3.134961771724200119e+01
3.161696845927136934e+01
3.300692421535276111e+01
3.532696742148854696e+01
2.947337737753371556e+01
3.146633965925736831e+01
3.403232477200742068e+01
3.138757927563725758e+01
3.107909034280216076e+01
3.331964661267944905e+01
3.534252375321422335e+01
3.302389390945434400e+01
3.136582269921767008e+01
3.346304244344884893e+01
3.173633486377306312e+01
3.130027378689159079e+01
2.596973796274470203e+01
3.388217664922325412e+01
3.179847978795849173e+01
3.714323984086513519e+01
3.537993382735991332e+01
3.769007670690142930e+01
3.205168856931536681e+01
3.052470027847795464e+01
3.049221086143550963e+01
3.489105469839913809e+01
3.094511325233861143e+01
3.456776112949147262e+01
3.530670050270536819e+01
2.907454435418291894e+01
3.078780582972935420e+01
2.895932777481849740e+01
3.306568045616150187e+01
3.609416249740955607e+01
3.505704401189630914e+01
2.717319402240571691e+01
2.746583232339823155e+01
3.341386912310564838e+01
2.941697602238215481e+01
1.808968638049231714e+01
2.326338170679604289e+01
2.974064848805202033e+01
2.661749420402953348e+01
2.473791877316757137e+01
3.393878050773374611e+01
3.150295017927120966e+01
2.202473855787707890e+01
3.133762943933880507e+01
2.432365196629574555e+01
2.996907802581787195e+01
3.229559385208856526e+01
3.013882913956275189e+01
2.576162787217360162e+01
3.242598907075653614e+01
2.090074451579604187e+01
2.074253075077848507e+01
2.377252162065628838e+01
3.106842053454855090e+01
2.146068424302704614e+01
2.106415549495763884e+01
2.743124020971902866e+01
2.961063129314477749e+01
2.373532727029588330e+01
2.637666435241699148e+01
2.549465880355214509e+01
2.763796342437590781e+01
2.627749516413761910e+01
2.134010037280726024e+01
2.694456206598589532e+01
2.832600702558244876e+01
2.480072104035630076e+01
2.397901647799723790e+01
2.869034004211425781e+01
2.824929883977868883e+01
3.100899996439616046e+01
2.649766017850591382e+01
2.773785154636089700e+01
2.824123409816197139e+01
3.187849250320316230e+01
2.722560338909123345e+01
3.203911794797338786e+01
2.970911989767084549e+01
2.654424896946659729e+01
2.863053453793315839e+01
2.873606807954849884e+01
3.393379706062361834e+01
3.085417967951574880e+01
3.344386883094662721e+01
2.705147065921705618e+01
2.850392322106795007e+01
2.940837178911481686e+01
2.619749091653262951e+01
2.858024597167968750e+01
2.822024144931715384e+01
3.160328805106026806e+01
2.785071007410685340e+01
2.801607397328252347e+01
3.547834041383531201e+01
3.863474029302597046e+01
2.680973171052478676e+01
2.744964138377796559e+01
3.135871858950014612e+01
2.982439449505928408e+01
2.210988216895561820e+01
2.956308837303748405e+01
3.066826015969981256e+01
3.090329130346124842e+01
3.343651035220123902e+01
2.099286211782427003e+01
2.413020590897444961e+01
2.164320948249415366e+01
2.728542770123949168e+01
1.873152573164119161e+01
3.064395382825065894e+01
1.812029994084284823e+01
3.073862482607364655e+01
3.156621087830642125e+01
2.908079881680208700e+01
2.696185827255249023e+01
2.707046130420715713e+01
2.863532979079768737e+01
2.937348285532135250e+01
2.850113615036010728e+01
2.894542020559310913e+01
2.966093207465277715e+01
3.052413386374016468e+01
3.531911443998027522e+01
4.251252088441953703e+01
3.522316207172714542e+01
3.040382505922901402e+01
2.491498015762923757e+01
3.334865048217773165e+01
2.924496955871581960e+01
2.802014550217636923e+01
2.635075473214337904e+01
2.742312716131340977e+01
2.901611234975415599e+01
2.560514443920504490e+01
2.448206406254922030e+01
2.730588840302966958e+01
3.231747069503321512e+01
2.880990383693150036e+01
3.548298168983779988e+01
3.026505416777075652e+01
2.802411704450040375e+01
2.960244675477345666e+01
3.685222785384566890e+01
3.326173945193021098e+01
3.427844093120203439e+01
3.814403245507217122e+01
3.627570310552069799e+01
3.459277075690192049e+01
2.947335260792782563e+01
2.885591148896650893e+01
2.935405503595628574e+01
3.044636774789258382e+01
3.293982982635498047e+01
2.789102984385885264e+01
2.918424886143850117e+01
3.519967993306372733e+01
3.490587348572945814e+01
2.608277400659055090e+01
3.015834389723740472e+01
2.993969300328468819e+01
3.167725859059915905e+01
2.737186407828116330e+01
2.999081248177422410e+01
2.876616403545212108e+01
2.766227626189207456e+01
2.563094571232795715e+01
3.191579183299889877e+01
3.180165125623511457e+01
3.031106820065750895e+01
2.704004235889600594e+01
1.958987831115722500e+01
2.659982004705464931e+01
2.783225069184234002e+01
2.685598447846203385e+01
3.047521205064727212e+01
3.460719115121023748e+01
3.192504854485540022e+01
3.344816924430228511e+01
3.678329317686987565e+01
3.422851676756633310e+01
3.675531487883883131e+01
3.109152238888848174e+01
3.374009928452341001e+01
3.542436407144787580e+01
3.157601429244219204e+01
3.685070216017985700e+01
3.140465781113196897e+01
3.116747330559624629e+01
3.214727033532184208e+01
3.508738922250682180e+01
3.162159446890363057e+01
3.781923125061807411e+01
3.575316035558306993e+01
3.126473521469230832e+01
3.251862985659868599e+01
3.302841933656134188e+01
3.472278862627445761e+01
3.467925878825940345e+01
3.607641235412842917e+01
3.215691477651814267e+01
3.289144741759008639e+01
3.099239518608845501e+01
3.346496593952178955e+01
3.697935750126059418e+01
3.681754544886147329e+01
3.022095358371734619e+01
3.337561632182499949e+01
3.222283999125162524e+01
3.401168252162877081e+01
3.624507289462619042e+01
3.604135845982751363e+01
3.251183881406431198e+01
2.970472860114518809e+01
3.497599462840867801e+01
3.058967476329584301e+01
2.488696980026533012e+01
2.945475152760994675e+01
3.147243551585985344e+01
2.646164588041083832e+01
2.243005183795551005e+01
2.928962806554941167e+01
3.197162637086672277e+01
1.809686933798233355e+01
3.196343082427978644e+01
2.429615726168193390e+01
3.206143255636725797e+01
3.048799555460611899e+01
2.966224388743555807e+01
2.549898407496318953e+01
2.839733810116338475e+01
2.981422282374182586e+01
2.046860374360394985e+01
2.474172100654015338e+01
2.708110118091554597e+01
2.806130705124292746e+01
2.190996293226877967e+01
3.082182137171427527e+01
2.980436104625912819e+01
2.381701849188123532e+01
2.604334824505974311e+01
2.513599650403286390e+01
2.517236044747488677e+01
3.129886798984956897e+01
2.229568682903308030e+01
2.869305336361839665e+01
3.038027619893571796e+01
2.869936238223933955e+01
2.785772712390643591e+01
2.956516142220332810e+01
3.141095000653227487e+01
2.961908246195593719e+01
2.764236376341746038e+01
3.430539349909428637e+01
3.197520751953124929e+01
2.657470252697284252e+01
2.765753798391304841e+01
3.539644861658779007e+01
3.003822889033052235e+01
2.635112724304199361e+01
2.790021011598648570e+01
2.658231059440433341e+01
3.193487195300448533e+01
3.395661758807356989e+01
3.322291420749500190e+01
2.862735289715705989e+01
2.685837563371236314e+01
2.840812489137811170e+01
2.690010117702796677e+01
2.667750066121419295e+01
2.809134072142762051e+01
3.030085537101648896e+01
2.864507772005521247e+01
2.916965744294315854e+01
3.275200996869875780e+01
3.537119279967414087e+01
2.676696760423721955e+01
2.499992275238037109e+01
3.079508168880756003e+01
2.711240980180643234e+01
2.340764447077651766e+01
2.840977139626780001e+01
2.876733089104676822e+01
3.373187810021477873e+01
3.093876916885376005e+01
2.585236166393946178e+01
2.963338699340820170e+01
2.883965086095473396e+01
2.919057333023152978e+01
2.745225334167480469e+01
2.964342848981013034e+01
2.040491523141935915e+01
3.254605790386050046e+01
2.764049091077830766e+01
