3.183569970343230437e+01
3.279241721270835797e+01
3.217875520806563827e+01
3.215233700186832522e+01
2.950138179201754340e+01
2.707737129612972993e+01
2.612918114175601758e+01
2.608960671589684210e+01
2.915724935930365191e+01
3.264389383403304379e+01
3.638408146964179224e+01
3.413930005293626380e+01
2.800445633692457292e+01
2.892058083231415111e+01
3.387034062194824457e+01
2.869247965379194909e+01
2.629104142365632057e+01
2.794189599649795497e+01
2.601143990553818597e+01
2.838102521123112965e+01
2.547214537400465773e+01
2.529130428068099334e+01
3.049124977506440359e+01
3.648550798985865384e+01
2.922459177590586776e+01
2.714223717354439458e+01
3.280377628745102214e+01
2.785667152681212499e+01
3.207192171380874868e+01
4.253111771803635577e+01
3.372543618943956290e+01
3.746087005991994801e+01
3.816372627682156349e+01
3.803438264673406621e+01
3.736888899496936034e+01
2.351420374427522830e+01
2.582248985330471669e+01
3.117082087983810368e+01
2.373732572920778949e+01
2.989526652862138434e+01
3.273106092087765973e+01
2.765865953295838509e+01
2.869788234691901607e+01
3.097901499673221792e+01
2.737791356673607623e+01
3.118177765915074318e+01
2.754083551998026991e+01
3.215213471926175970e+01
2.879470460168246504e+01
2.606420251858309456e+01
2.795451399691384253e+01
2.922079045099663830e+01
2.450730112107073566e+01
2.658018741359958526e+01
2.591992540876994866e+01
2.871963330437155193e+01
3.184762194127212354e+01
2.225513595234264130e+01
3.055502489779857811e+01
3.137339420455822747e+01
3.175654900868733677e+01
2.993506409327189033e+01
2.588415463765462121e+01
2.913705426996404313e+01
2.884520847239392793e+01
3.724473309067060711e+01
3.300205011224027629e+01
3.302597376137725860e+01
2.581274868358265095e+01
2.916844674293568573e+01
3.000306344843234996e+01
2.645890257093641651e+01
2.920049298505374935e+01
2.997878406716765198e+01
3.313563493728637610e+01
3.144561100850063085e+01
3.015393575755032529e+01
3.291016534537322968e+01
3.902948193116621667e+01
3.348044608105188047e+01
3.327060855013652940e+01
3.058271670791338082e+01
3.347287403047084808e+01
3.440514707789174764e+01
3.520578223939926232e+01
3.394559669494628906e+01
2.726919766609242402e+01
2.445011743387781422e+01
2.976051713852655212e+01
1.981006781929417571e+01
3.143886458453010135e+01
3.365604751130454275e+01
2.797103715524441014e+01
3.053363856147317179e+01
3.312528662248091393e+01
3.059119623502095564e+01
3.584740729664647318e+01
3.701700501875443905e+01
2.789870692056322810e+01
2.901485790396636233e+01
2.762168542367440693e+01
2.682096213482795832e+01
2.506193455060322961e+01
2.409969521499261447e+01
2.718908800605599296e+01
2.855395638128245039e+01
2.666983002676090564e+01
2.778345014862201268e+01
3.062239591484395973e+01
2.079303248210619870e+01
2.970299972049773629e+01
2.752761213402999019e+01
3.055024635314941506e+01
2.612158664067586145e+01
2.560528267346895603e+01
3.019095832629081499e+01
3.298380633851085264e+01
2.375855798499528859e+01
2.371604030537155339e+01
2.339804844180913435e+01
2.995083526943041008e+01
2.672339826311383959e+01
2.509223231934664611e+01
3.462915718264696352e+01
2.865357371344082438e+01
2.645072619120280066e+01
2.612364945411682271e+01
2.915228787864126758e+01
2.682251703080220295e+01
3.042622763376969530e+01
2.453012349616967924e+01
3.213492918014526367e+01
2.876684014136050038e+01
2.917355503489377355e+01
2.780854613716537926e+01
2.649349462890625162e+01
2.888799343528328478e+01
2.570474763658311801e+01
2.615751800747866085e+01
2.910320950777102667e+01
2.973743829273042394e+01
3.135460361214571279e+01
2.882672450007224541e+01
3.456456361635766683e+01
2.858816351713957715e+01
2.463247297428272375e+01
3.217873342981878437e+01
2.820254596587150431e+01
3.353820023227534364e+01
3.179464750511701610e+01
3.034958817528896802e+01
3.144272582385004711e+01
2.883623142675919837e+01
2.688731265068054199e+01
2.558183109059053351e+01
2.631448155357724161e+01
3.160087772291533881e+01
2.860235424041747976e+01
2.681538066864013814e+01
2.567732790242070706e+01
3.651308833228217310e+01
4.030773562192916870e+01
2.995750315227205718e+01
3.214860153198242188e+01
3.071064941971390283e+01
2.656189933189978802e+01
2.887277647736784658e+01
2.653754621652456436e+01
2.822289461329363291e+01
2.661986562555486557e+01
3.188559302987978583e+01
2.521628351353887254e+01
3.076688343090015465e+01
3.554119855479190448e+01
2.891392743353750205e+01
2.671274293115896725e+01
3.024068551905014957e+01
2.369751694019024058e+01
3.006206192076206207e+01
3.044897161681076625e+01
2.990375080132878338e+01
3.035024597770289390e+01
3.186697291552535916e+01
3.182487522702843918e+01
2.889782825876725170e+01
2.723915651957193873e+01
2.929042273759841919e+01
2.750780714765006962e+01
2.965923205397929507e+01
3.333418814163633925e+01
3.594731955475859309e+01
3.234145736694335938e+01
2.972330960124528332e+01
2.805877549307686891e+01
3.493193999481201217e+01
3.081633483039008325e+01
2.880735388747206827e+01
2.878368921337013475e+01
2.538356203575656878e+01
2.895738153679426219e+01
2.678908249639695782e+01
2.786510756707960468e+01
3.177377773466564292e+01
3.693961097254897652e+01
3.151381866455078296e+01
2.806051364065218223e+01
3.210692310333251953e+01
3.089356141477017914e+01
3.302110226949056226e+01
3.876611503318503793e+01
3.792008918186403577e+01
3.702069797347077440e+01
3.711801414954953060e+01
3.976354290576691142e+01
3.346855038135975491e+01
2.306210487767269868e+01
2.710271889079700713e+01
2.832304185916943240e+01
2.825367064887496937e+01
2.924109116677314901e+01
2.807386511298501475e+01
2.980445805852284735e+01
2.665077709534007511e+01
3.031868158002789571e+01
3.059490851966702252e+01
3.175645912467659215e+01
2.857520699014468946e+01
3.261366023026503314e+01
2.964984276917603623e+01
2.731752233505249094e+01
2.638350796268276000e+01
2.812276033866099922e+01
2.697467552423477244e+01
2.706099302313300825e+01
2.874516919643019364e+01
2.841685854267870326e+01
2.929801847623742006e+01
2.349795087178548059e+01
3.175816784264906545e+01
2.835423165473385154e+01
3.172037550298179198e+01
2.911020247916865245e+01
2.532835403987339618e+01
3.087357908192247535e+01
3.144007577122868824e+01
3.674047282484711019e+01
3.079025544982025764e+01
2.781831572145597775e+01
2.491333651363401458e+01
2.493483490692941729e+01
2.923408797180768204e+01
2.879365356897903538e+01
3.150120732028788595e+01
3.079465058425377322e+01
2.772774016768844163e+01
3.256788394762121897e+01
3.229121421945506398e+01
3.440945491138066359e+01
3.281589223161528679e+01
3.703316842942010823e+01
3.008549789199255287e+01
3.129161606079492941e+01
3.275452464193270430e+01
3.160947510048195142e+01
3.582083830582467954e+01
2.950204542075773873e+01
2.714479664809831050e+01
2.720088743676944532e+01
2.983755756431902029e+01
1.683404136200745782e+01
3.097817771263371966e+01
3.389166650539490888e+01
2.647118946638974180e+01
3.024296085148641566e+01
3.616231491088867500e+01
3.090235883437075159e+01
3.240567315226853395e+01
2.960167121887207031e+01
3.008057404977304117e+01
2.661551927078602020e+01
2.988432088105574991e+01
2.711959968216117645e+01
2.663188099411298637e+01
2.821142083656888033e+01
2.701742613833883411e+01
2.925904047766397298e+01
2.690979050301216802e+01
2.417458377740322106e+01
3.372887203180901139e+01
2.157961766973969731e+01
3.133050134023030608e+01
2.537166898212735688e+01
2.924121311348928387e+01
2.682807319641113253e+01
2.237397315890289917e+01
2.834274270250389449e+01
2.922729621229145991e+01
2.611609676272369995e+01
2.381004532131217744e+01
2.502846976426931391e+01
2.844043302894534975e+01
2.628261172465789031e+01
2.421291367212931434e+01
3.457608155409494799e+01
2.948137652334855474e+01
2.777458715438842773e+01
2.288595498028923458e+01
2.715195027818070983e+01
3.061329359327043775e+01
3.206412818100278628e+01
2.402736157093321978e+01
2.783867138453892309e+01
2.749842620950884609e+01
2.683201081436594748e+01
2.724432881876302659e+01
2.603838266833075110e+01
3.046906978827862744e+01
2.865284764489462077e+01
2.895292486967863965e+01
3.304078733004056545e+01
3.146637808147229620e+01
2.939298666440523533e+01
2.784271856071122997e+01
3.310951959102525421e+01
2.906033451040995530e+01
2.703278005499588943e+01
2.642709974473522649e+01
2.925627385231595667e+01
3.263627245066778215e+01
3.465964714475272501e+01
3.005893758381382597e+01
2.893276677233107463e+01
3.299291656291590158e+01
2.447667681160619679e+01
2.563638271269251234e+01
2.974435679117838660e+01
2.924773951939173955e+01
2.832806302324125980e+01
2.951830429664024891e+01
2.635135524244193661e+01
3.028155232653205786e+01
3.573141103320651268e+01
2.860343482417444960e+01
3.085722987882552459e+01
3.162544998755821979e+01
2.530828317545228145e+01
2.707466409835347321e+01
2.758040903460594961e+01
2.444397552196796042e+01
3.031189345024727544e+01
3.172732904434204215e+01
2.547122843303377593e+01
3.352409459431966354e+01
3.444442239649155368e+01
2.714021165613184650e+01
3.092587944313331860e+01
3.121523863370301299e+01
2.183608541713924822e+01
2.967580703675277576e+01
2.860720485530487522e+01
