2.993084843457103972e+01
2.830714972051855582e+01
2.981823151529880889e+01
2.984473346450602449e+01
2.754119437158284356e+01
2.758986159625806422e+01
2.856793790934036892e+01
2.662108527457473173e+01
2.846852892678789004e+01
3.073603088310341747e+01
3.233955143226517492e+01
3.169459660163292369e+01
2.624857966063038006e+01
2.684404828006057642e+01
3.501981117534637633e+01
2.920680070682005791e+01
2.955324000358582026e+01
2.752633299417053792e+01
2.614321997692058375e+01
2.731766333837767036e+01
2.673134887035076446e+01
2.680646874212449049e+01
2.848191234489966916e+01
3.498296935713137401e+01
3.004298993941464957e+01
2.872746762984507640e+01
3.178731332842896506e+01
2.946670395913331220e+01
3.160049312774172137e+01
3.796494740119347000e+01
3.106520638052622729e+01
3.492468636771778989e+01
3.427254162165853302e+01
3.807922503948211812e+01
3.295690511825981872e+01
2.533030796455485856e+01
2.652337431982549987e+01
2.846453378406571844e+01
2.453334047071476931e+01
2.907420077751570275e+01
2.705493108262406210e+01
2.596258376462786543e+01
3.008867565469788730e+01
2.851992140030593248e+01
2.726357511098568054e+01
2.875894377354493869e+01
2.720830445680004672e+01
2.767215038996476295e+01
2.666805402657081103e+01
2.932114281294481373e+01
2.673258657746778511e+01
2.805174648271620441e+01
2.464093645236530961e+01
2.801883567958682519e+01
2.680480998264726367e+01
2.801705279013689776e+01
2.800975251727634330e+01
2.120029478853399141e+01
2.560239498818174297e+01
2.802535645910304396e+01
2.806043183326720936e+01
3.039391812761624223e+01
3.023309747470521813e+01
2.960228534081969087e+01
3.057295667972970321e+01
3.315376722857637048e+01
3.191751304583333848e+01
2.899116005483737624e+01
2.839645415674556261e+01
2.855398218990950809e+01
2.803140423833107064e+01
2.748277440600925203e+01
3.257811533746088628e+01
3.314127182891901668e+01
3.207799358367920206e+01
2.950370884405828420e+01
3.068153926215387983e+01
3.048078269111223548e+01
3.062178107933564419e+01
3.090969996397522834e+01
3.063809495851831599e+01
2.924779605355652379e+01
3.280238170772791051e+01
3.215002817189749607e+01
3.372820185366130374e+01
3.172911835841918204e+01
2.854882785973959258e+01
2.819985766697647023e+01
3.067625098228454661e+01
2.559211662493254025e+01
2.992369698159834712e+01
3.068230717650845207e+01
2.830977488546746201e+01
2.770382509712411689e+01
2.974212438698971184e+01
2.896050943043496773e+01
3.148180535227753296e+01
3.090734483805569610e+01
2.870234943912142356e+01
2.756533004382870899e+01
2.996557680271289925e+01
2.817940375551263799e+01
2.448585857351621087e+01
2.515336218996745998e+01
2.815922778326136111e+01
2.622382903128676901e+01
2.520308563004077484e+01
3.134424008663897965e+01
3.013012808979067003e+01
1.942867542825719340e+01
3.005745843516455551e+01
2.347466247144498652e+01
2.998597551727294430e+01
2.940459649733135095e+01
2.762126511931419515e+01
2.741382725520012187e+01
3.004470554185144238e+01
1.947202610858650829e+01
2.037617225557003309e+01
2.261205027215982355e+01
2.625372439743816244e+01
2.254046263976972853e+01
2.301528358124850371e+01
3.146102515837040769e+01
2.761309494453927726e+01
2.445554881669857039e+01
2.611589911441008027e+01
2.600212084180940764e+01
2.653150953887096009e+01
2.821561621679709475e+01
2.258695239641449604e+01
2.865159653425216391e+01
2.903070839573355144e+01
2.714251102798069937e+01
2.491105636865706074e+01
2.757183146057128909e+01
2.936447054291819114e+01
2.734767303657531556e+01
2.787055077921619883e+01
3.030030314922333545e+01
2.994770719494138689e+01
2.975866253394488936e+01
2.726716734892657001e+01
3.237390538899585124e+01
3.247821925859602743e+01
2.819192441657737547e+01
2.777668618706037407e+01
2.862310988800500056e+01
3.181470064826471145e+01
3.044824749181437440e+01
3.074332415893429626e+01
2.683604834225712921e+01
2.860764295675537738e+01
2.884200984920774502e+01
2.589150289226980917e+01
2.656988271304539140e+01
2.840539083140236798e+01
2.806568113258906294e+01
2.743850954691568944e+01
2.652264129700868267e+01
3.195370849900775667e+01
3.688111030757427500e+01
2.890739603913019451e+01
2.686884516022422176e+01
2.910360336038801066e+01
2.413737996786068862e+01
2.600424864849486895e+01
2.896580946408785096e+01
3.167132309485173280e+01
2.883616434357383085e+01
2.993332419284554291e+01
2.400386368801344261e+01
3.093536936110192670e+01
3.018855088133561537e+01
2.780299163986654776e+01
2.485454144329987614e+01
2.978189859717500454e+01
2.117013222584357734e+01
2.913561719022690966e+01
2.743682887389741865e+01
2.919752534523398069e+01
2.924778165691776977e+01
2.896671091521658425e+01
2.932428963973796243e+01
2.727646398310702480e+01
2.695704206784566281e+01
2.720326703712344241e+01
2.714123547842473272e+01
2.802444599941774328e+01
3.070181850907523469e+01
3.226783739917880922e+01
3.062018165588379048e+01
2.712310410713662989e+01
2.569789289251550812e+01
3.428269702510834094e+01
2.872109647750854577e+01
2.823684454136066790e+01
2.765403023479941069e+01
2.711562930067924526e+01
2.745899532229401174e+01
2.601764469146728942e+01
2.607878525949293547e+01
2.925745198613121190e+01
3.440717053124398461e+01
2.931197592762537951e+01
2.971825848186717778e+01
3.024170990193762165e+01
2.927046586629506564e+01
3.116249987284342282e+01
3.719321786527279983e+01
3.143798758398811799e+01
3.503500315320174963e+01
3.390895606075844881e+01
3.674980922455483068e+01
3.205850289061262970e+01
2.592569892626059769e+01
2.632142166202718769e+01
2.870620970779192049e+01
2.496232741617309259e+01
2.920047454603256654e+01
2.631553526380259456e+01
2.584540724383143129e+01
2.988945319541377543e+01
2.951104908902109258e+01
2.705055917501449514e+01
2.881346851509886875e+01
2.652931349131525707e+01
2.901354437307877632e+01
2.715325708861823983e+01
2.926458565738465722e+01
2.502670788580132921e+01
2.756544921749677002e+01
2.481543210715055281e+01
2.771951609220397472e+01
2.727539956968513124e+01
2.705959613343589254e+01
2.756743782344072002e+01
2.038904517936706284e+01
2.664022615090856760e+01
2.708858168781667786e+01
2.580513530940544342e+01
2.851412902886304934e+01
3.036112390654427529e+01
2.779937195966739338e+01
2.983576419160173288e+01
3.213794239544477449e+01
3.107847803687127808e+01
3.027896823144856953e+01
2.752684164602953842e+01
2.829623630774648646e+01
2.980320806919949916e+01
2.742529639672424935e+01
3.119806641904414946e+01
3.188564353383820205e+01
3.021592943827311117e+01
2.787131100239960801e+01
3.069858910900423155e+01
2.998740422698481467e+01
3.055067575490927112e+01
3.082156991580175998e+01
2.960514124927663815e+01
2.972940338360957213e+01
3.133068850343398992e+01
3.133682273503684002e+01
3.330780632119429185e+01
3.148010779939980708e+01
2.849278085395579652e+01
2.890286042982218362e+01
2.934098777838157091e+01
2.521216667319337645e+01
2.981825663934345982e+01
3.142245163161580379e+01
2.806767132048156910e+01
2.670951310722795569e+01
3.162835885365803890e+01
2.953893806575673509e+01
3.193320411094511257e+01
3.130025850063146464e+01
2.954408098185503917e+01
2.735401197034259013e+01
3.028190298702405769e+01
2.778773799545462708e+01
2.481589133244640877e+01
2.765494542382344179e+01
2.819911864684975811e+01
2.550529155038123719e+01
2.455641402382034144e+01
3.106634483673633440e+01
2.970234200129999280e+01
1.831170482490268014e+01
3.012487740993499585e+01
2.259378140237596000e+01
3.009053806989964386e+01
2.949048728688558185e+01
2.695857919371406197e+01
2.702045832297962491e+01
2.868429198509278066e+01
2.023984151080597371e+01
2.084808656478069366e+01
2.274998784202795932e+01
2.416530566717448991e+01
2.245151667579626320e+01
2.242451047201951653e+01
3.073280547410249497e+01
2.807935933419807739e+01
2.387867992988654819e+01
2.461685748492969950e+01
2.509149820627050076e+01
2.717345374130067626e+01
3.135091837889311606e+01
2.225639420839018001e+01
2.721496027083624014e+01
2.830303388907845630e+01
2.702618328557219840e+01
2.453839521347143560e+01
2.716351423559517642e+01
2.859667934267973877e+01
2.767841163097425650e+01
2.835245530789949697e+01
2.933723484186026198e+01
2.846680229739138923e+01
2.761378591354076306e+01
2.730825944850646891e+01
3.159410698501341841e+01
3.140073743013991248e+01
2.733189845135337137e+01
2.671176489614671468e+01
2.744137733748313579e+01
3.194479254238671118e+01
3.143191383017784801e+01
3.130849429317638766e+01
2.666506139369721140e+01
2.874779844199661838e+01
2.709280799203000001e+01
2.599349023396851166e+01
2.694264447953965913e+01
2.930708383213389823e+01
2.812797081078154804e+01
2.808563580219562184e+01
2.546737436271575916e+01
2.993343812565744955e+01
3.556899733146031650e+01
2.791471063398545738e+01
2.579987421612585763e+01
2.883110395486539090e+01
2.249850792500932783e+01
2.413114384376198274e+01
2.985233514539656241e+01
3.133776152470172960e+01
3.112624628866041121e+01
3.034577192544936608e+01
2.268211660176988786e+01
3.114843653615315944e+01
3.225888164912952760e+01
2.617289936325767385e+01
2.694557502004835570e+01
2.891338198106797108e+01
2.080014806582232723e+01
2.840300034312751620e+01
2.518417056945905230e+01
